<begin  kEzbI>
c2LfbMVKLh>;P
<end  kEzbI>
<begin person data>
Id:1407534
Name:Hephzibah
Weight:48.0
Height:1.2503
Age:41
<end person data>
<begin n eb6>
_wP7G
<end n eb6>
 ;rJCsrzB]?b\O
<begin step data>
2007-01-12:767,299,261,768,252,349,294
2007-02-07:779,315,46,213,719,415,964,153,542,621,1145,156,1002,311,727,86,1105,1387,970,152,184,1124,315
2007-02-09:159,1015,380,68,654,473,411,203,1196,567,1072,1394,917,140,987,527,876,1403,132,1254,976,211,290
2007-01-18:518,733,269,269,269,715,22,355
2007-02-06:1465,845,1101,799,848,1321,992,708,246,1111,688,462,720,1357,913,801,1476,675,64
2007-01-17:707,326,23,64,629,516,208
2007-02-07:1196,824,386,1166,455,40,199,639,289,1295,238,793,299,1358,1343,575,285
2007-02-01:307,394
2007-01-20:207,701,403,133,498,241,552,188,288,123,234,640,380,466,241,645,612,757,44,211
2007-01-18:437,734,57,206,556,242,174,439,509,398
2007-01-07:111,555,764,760,369
2007-01-23:683,681,327,488,91,732,605,296,639,25,134,326,9,175,396,28,76,399,267,248,646,763
2007-01-19:743,593,620,773,283,4,362,410,313,62
2007-01-06:489,389,341,396,166,598,683,108,597,216,438,122,279,478,736,471,545,725,694
2007-02-04:972,1071,786,778,1387,1162,1175,154,154,124,618,469,348
2007-01-26:622,141,399,139,32
2007-01-01:678,43,776,341,271,412,112,613,698,475,774,529,628,742,593,21,577,84,309,647
2007-01-12:321,319,766,216,776,672,684,483,678,202,160,621,708,500
2007-01-10:205,587,394,543,626,565
2007-01-26:307,277,273,242,618,247,211,166
2007-01-21:419,55,318,613,632,714,333,504,306,357,121,221,581,316,561,8,195,151,327,464,149,235,467
2007-01-29:68,169,155,250,556,594,417,209,267,643,6,664,284,252,405,378,90,609
2007-01-07:738,511
2007-01-20:286,358,528,191,334,358,14,532,660,691,656
2007-01-13:40,36,285,634,750,212,524,8,709,44,642,252,253,750,159,446,470,237,313,385,591,272,281
2007-02-01:1228,405,1412,777,163,1147,1360,1087,491,606,18,88,78,1429,1234,418,1058,1111,363,13
2007-01-04:104,43,442
<end step data>
<spwt] a\wQWC2M>d Hq
NgGlu[G7EmTt
<begin oi 4R>
z  zpf^
<end oi 4R>
<begin person data>
Id:1797305
Name:Tabby
Weight:92.0
Height:1.2754
Age:57
<end person data>
<begin step data>
2007-01-11:247,467,205,566,422,655,538,596,310,384,114,317
2007-01-29:485,494,532,181,54,497,181,254,371,81,464,644,634,403
2007-01-01:681,723
2007-02-06:97,1153,1113,1257,1287,1145,398,140,843,1041,1032,895,1435,954,562,582,478,2,1406,501
2007-01-21:690,424,666,123,219,292,450,709,743,343,210,761,449,121,307,242,18,83,480,142,452,653,551,333
2007-01-14:407,771,381,389,743
2007-02-01:798,546,858,290,645,228,26,26,463,136,1355,973,709,426,690,83,1434,857,755,1007,973
2007-01-25:383,5,143,538,57,480,437,185,599,133
2007-02-09:975,45,460,362,1216,860,411,870,563,765,635,1156
2007-02-06:651,763,778,95,807,359,358,789,527,560,1096,581,287,398,243,346
2007-02-02:1295,1296,1282,91,419,138,747,267,655,831
2007-02-08:9,166,830,412,1377,1453,26,560,329,181,379,1167,630,488,724,1085,916,384,730,291,1338,1438
2007-01-17:531,629,544,211,606,97,765,626,71,182,409,705,323,402,620,716,452,597
2007-01-19:664,120,78,776,670,524,707,568,127,536,672,224,308,176,421,188,251,587,138,417,540,366
2007-02-08:221,815
2007-01-17:64,41,51,401,470,770,659,83,120,56,397,699,509,188,58,266,516,540,694,26
2007-01-20:66,512,522,277,139,417,622,771,536,592,187,487,224
2007-01-30:534,167,139,463,328,21,395,375,525,120,759,322,425,615,138
2007-01-30:457,688,88,670,759,145,137,636,251,438,308,411,70,518,89,437,199,438,196,18
2007-02-05:1056,336,317,659,163,144,407,395,1114,12,1024,1208,1245
2007-01-17:16,379,757,62,531,593,355,121,594,538,430,315,647,16
2007-01-19:240,573,8,660,11,115,685,73,598,559,405,608,683,328,151,716,323
2007-01-24:151,306,481,91,113
2007-01-02:409,170,660,407,79,417,16,717,738,712,360
2007-01-01:476,633,403,607,621,559,18,592,622,402,561,575,583,633
2007-01-28:744,272,358,380,678,170,424,657,234,80,507,570,54,481
2007-01-06:367,593,66,521,193,523,257,421,330,390,716,227
2007-01-08:35,467
2007-01-16:404,155,257,569,166,313,670,40,477,414,320,154,464,8,521,570,0,459,9
2007-02-01:1237,990,354,705,1164,778,609
2007-02-07:693,1304,431,255,1023,1161,545,840,472,178,1068,1165,1175,1484,1448,274
2007-01-27:188,420,193,512,625,157,474,162,765,751
2007-01-22:463,653,234,37,238,720,499,171,260,747,108,762,412,599,496,683,235
2007-02-01:119,1424,1360
2007-01-03:307,645,765,416,559,118,594,616,595,221,571,716,545,316,481,87,96
2007-02-06:1055,354,1215,736,1217,1110,1006
2007-01-31:31,544,474,185,204,69,420,643,659,158,235,127,363,467
2007-01-05:359,627,43,631,499,593,312,263,750,203,663,7
<end step data>
<begin TmAge >
: wEod7Sq { M
<end TmAge >
8kvY\sC
mzD;bzgbc3BKnB M
OnrobL
<begin 5>bbt{>
z3Jka=x GDc  ;gQq
<end 5>bbt{>
<begin person data>
Id:1358187
Name:Catina
Weight:85.0
Height:1.6026
Age:25
<end person data>
<begin 6  ^>
KMl\AAOPLg2Ngrxp
<end 6  ^>
<WB  {G7rM_ IDkQ{
XZ Mq
<begin pYVm >
^wDNM g<CJNwcIiK9 t
<end pYVm >
<begin step data>
2007-01-23:18,113,214,145,179,687,417,220,763,746,204,390,395
2007-01-23:315,497,681,61,147,223,100,143,576,574,321,209,658,600,236,659,178,471,56,130,307,379,73
2007-01-13:609,472
2007-01-24:685,184,552,696,315,340,767,391,772,62,474,340,582,87,127,305,342,455
2007-01-06:10,508,106
2007-01-06:43,355,86,47,217,49,148,151,93,289,6,495,342,6,570,548,175,485,726,471,170,18
2007-01-24:610,28,517,67,396,174,353
2007-01-24:437,702,162,698,120,327,421,769,283,455,421,701,144,693,766,305,179,718,582,91,133,653,682
2007-02-05:10,79,103
2007-01-04:526,442,279,401,267,0,494,699,406,728,115,371,549,242,599
2007-01-03:540,714,675,685,139,590,383,214,486,363,4,105
2007-01-26:207,83,695,474,768,101,455,644,558,148
2007-01-12:647,169,669,14,566,627,592,581,11,94,490,472,590
2007-02-08:1319,1038,867,995,724,856,318,229,793,219,1089,875,353,182,79,179,1380,1234
2007-02-02:402,234,1219,1127,493,1245,166,1138,1467,1288,1476,1196
2007-02-02:710,1043,502,1310,226,947,1202,1289,1090,69,911,1085,1352,1175,778,133,593,1432,955,157
2007-01-23:724,254,6,673,700,218,697,441
2007-01-02:118,332,511,294,34,440,385,750,195,209,583,318,353,587
2007-01-15:20,265,19,95,648,715,86,81,511,512,321,405,165,479,402,489,410,539,321,422,190,287,507
2007-02-03:341
2007-01-09:224,500,358,731,63,21,291,34,650,126,184,300,688,43,357
2007-01-18:326,663,78,38,523,641,378,656,261,382,334,301,58,279,148,771,100,288,148,219,25,105,754
2007-01-14:450,377,657,175,394,335,724,165,11,356,447,607,33,148,481,278,570
2007-02-04:923,973,21,245,353,1408,310,1170,1265,1037,1293,503,1290,57,53,668,851
2007-01-11:136,391,335,696,616,708,734,200,346,738,733,350,226,345,733,411
2007-01-14:359,94,288,152,169,643,150,270,77,622,380,427,225
2007-01-17:175,280
2007-01-23:493,90,371,471,576,592,99,383,441,579,612,570,462,444,658,134,5
2007-02-05:1117,161,872,405,666
2007-02-09:1265,1390,914,76,1054,1133,82,104,35,46,891
2007-02-03:1433,355,1283,792,610,692,57,1160,1101,225,420,1303,285,1230,351,767,221,360,1381,281,460,244,334,119
2007-01-06:280,207,169,398,745,529,447,214,156,366,268,634,128,702,455
2007-01-24:614,241
<end step data>
2007-02-02:1464,1031,1064,281,449,389,1125,283,822,645,735,592,1095,520,667,1448,313,461
2007-01-18:332,19,305,721,4,362,177,177,265,771,180,191,38,58
U RaUvFq1
C3;  D3RKs0h0TjE
kN6`rz;{{yP1{57cxr

<begin person data>
Id:1731851
Name:Stephany
Weight:85.0
Height:2.0756
Age:50
<end person data>
<begin jId >
1 r aco3xs0 4{qxVc`
<end jId >
<begin {gB J>
SzW? NA   :62[lj
<end {gB J>
<begin step data>
2007-02-07:821,432,407,575,75,771,430,1477,212
2007-01-11:226,734,248,755,762,495,355,471
2007-01-21:555,606,150,368,190,700,661,82,36,738,63,747,734,430,681,422
2007-01-15:572,444,135,404,283,701,584,285,687,329,398,571,486,539,406,408,574,181,371,526,99,433,283,235
2007-01-18:523,93,324
2007-01-13:585,717,93,124,538,743,254,290,55,718,26,678,193,332,494,58,769,428
2007-01-14:375,483,96,60,191,23,320,84,334,742,554,521,55,449,313,621,73,571
2007-01-16:618,232,315,468
2007-01-30:445
2007-01-01:768,626,190,335,510,8,283,113,119,703,471,236,86,21,760,446,761,334,48
2007-02-04:1379
2007-01-15:575,529,334,134,301,501,511,663,598,170,54,485,141,447,242,50,168,165,668,769,259,678,424
2007-01-17:306,413,362,767,202,500,165,14,235,774,551
2007-01-31:774,561,141,393,752,147,366,263,426,414,107,536
2007-01-21:448,683,186,463,233,342,592,232,505,510,96,95,121,272,676,625,640,267,337
2007-01-20:419,130,409,426,149,9,644,375,571,342,219,492,648,285,721,409,324,59
2007-01-22:462,13
2007-01-15:143,274,541,581,177,518
2007-01-26:166,73
2007-01-18:390
2007-01-07:570,219,145,750,358,611,159,422,162,71,188,277,60,434,526,698,681,435,266,27,47,716,365,312
2007-01-15:323,230,353,68,186,178,654,501,10,476,198,75,395
2007-01-06:38
2007-01-25:677,199,545,232,771,644,499,97,430,718,384,260,569,344,495,66,417,331,529,228,709,475
2007-01-01:445,701,495,604,612,191,771,62,125,204,553,59,228,67,221
2007-01-21:476,88,68,136,548,102,372,47,118,606,400,1
2007-01-12:773,723
2007-01-17:458,370,336,76,672,59,255,326,756,611,416,270,672,367,459,540,40,221,540,717,643,412,132,363
2007-01-24:207,734,407,513,247,31,27,258,734,625,90,615,269,450,582,594,757,40,365,32,621,629
2007-01-25:467,312,107,636,317,412,482,474,646,309,77
2007-02-06:916,182,1450,513,361,729,366,863,1145,1263,67,1205,943,302,926,960,971,883,479,349,315
2007-01-20:136,219,535,649,647,463,382,121,493,524,201,263,369,573,706,681,501,288
2007-02-02:1083,83,705,401,25,249,217,1190,940,115,622,876,1149,450,216,902,978,890,1488,136,1130,1104,892
2007-01-24:693,402,669,708,365,178
2007-01-27:717,775,98,255,358,145,251,648,654,362,384,573,650,365,413,133,592,178
2007-02-01:1286,880,516,467,336,1393
2007-01-06:450,760,404,574,702,394,343,544
2007-02-05:1127,244,883,0,1177,291,318,214,1312,246,122,140
2007-01-18:536
<end step data>
<begin person data>
Id:1700842
Name:Scott
Weight:107.0
Height:0.8362
Age:48
<end person data>
<begin dMv<1>
 :JJ[UC;TF^ S8m i
<end dMv<1>
xN8LCiT
 2t?BbEUU>UC
<begin WqhH>
<begin step data>
2007-01-28:620,164,70,408,179,146,446,536,108,100,634,194,401,477,750
2007-01-03:43,11,294,370,528,545,549,706,408,760,138,754,245,405,583,49,100,42,451,286,661,452,120,25
2007-02-07:1391,1384,951,783,482,1171,330,260,143,731,970,303,512,567,1067
2007-01-05:42,696,419,23,373,456,466,257,66,420,451,373,505,419,146,523,377,678,555,674,685
2007-02-04:720,765,485,1261,813,445,562,1293,806,158,1008,378,806,390,421,1117,1383,1366,143,283
2007-02-03:1357,1036,947,463,976,807,26,898,308,1018,784,727,807,653,1171,565,1017,856
2007-02-02:922,1224,933,1269,302,78,862,1207,519,1019,109,36,1088,1264
2007-01-12:172,15,167,745,247,272,747,435,39,50,759,453,341
2007-01-10:504,127,177,663,758,75,504,628,671,751,17,122
2007-01-21:505,282,76,175
2007-01-19:189,259,534,344,371,130,177,149,319,207,689,126,423,219,334,568,312,409,77,103,609
2007-01-12:656,330,475,214,375,210,387
2007-01-10:482,151,208,404,192,298,574,602,699,581,753,242,687,36,342,209,131,465,154,310,575,26,766,314
2007-01-22:592,523,331,199
2007-01-04:109,649,23,254,275,331,134,382,285,215,76,376,306,60,99,113,586,413,538,168
2007-01-01:57,681,594,226,757,397,591,758,292,684,694,558,7
2007-01-28:735,481,545,92,394,378,776
2007-01-26:532,94,174,237,446,240,701,353,62,63
2007-02-02:952,366,836,918,584,431,535,207,1048,481,158,1379,838,93,326
2007-01-01:112,503,393,618,756,346,432
2007-02-07:55,1261,850
2007-01-11:440,18,345,141,693,661,22,595,217,466,20,562,610,263,357
2007-01-19:240,394,587,543,43,179,170,766
2007-02-09:291,471,1490,781,1069,787,1362,882,800,1115,1127,1469,237,449,861,759,483,948,661
2007-02-07:121,1015,1205,1445
2007-01-06:192,524,128,158,229,103,7,221,577,724,127,568
2007-01-21:146,724,132,408,159,516,548,307,534,625,175,495,346,269,652,598,200,600,485
2007-01-07:385,757,77,673,162,295,363,427,324,295,476,96,178,500
2007-01-24:522
2007-01-30:507,462,526,524,82,43
2007-01-11:546,72
2007-01-05:198,82,147,285,698,472,84,743,259,608,590,486,214,570,288,228,570,299,647
2007-01-23:736,634,363,576,470,409,213,159,491
2007-01-18:228,71,731,643,385,226,321,133,375,315,202,392,88,412,197
2007-01-16:121,544,186,78,333,269,686,647,481,254,332,612,751,155,406,455,260,23,424,543,630,181,283,706
2007-01-18:586,244,5,395,7
2007-01-24:112,227,650,12,573,743,533,95,673,80,532,556,320
2007-01-22:528,261,57,75,190,449,651,137,743,736,226,604,128,233,384,523,177,184,30,340,502,660,339
2007-01-23:252,86,277,461,355,775
2007-01-26:175,276,349,134,362,216,241,745,772,691,749,134,439,174,56,324,609,600,58,33
2007-01-09:313,743,532,641,199,58,248,469,186,489,69,307
2007-02-09:141,1279,696,1030,77
2007-01-04:614,462,494,195,356,459,440,290,424
2007-01-15:248,495,679,489,252,524,622,337,577,396,598,44,96,595,393,653,657,36,163,106,590,56,99,422
2007-01-25:137,295,731,686,146,133,629,725,753,136,54,10,607,220,747,690,558
2007-02-06:1412,1020,298
2007-01-07:721,665,424,667,305,442,266
2007-01-19:650,623,736,371,46,32,362,572,180,619,99,53,176,344,273,99,435,21,669,483,609,460
2007-01-18:45,688,217,442,395,581,241
2007-01-16:495,185,679,465,584,189,102,334,224,563,402,53,369,422,751,368,115,210,8
2007-01-26:577,5,167,320,603,249,291,130,164
2007-01-20:720,564,589,267,213,248,579,598,624,651,427,597,458,721,574,441
2007-01-16:53,566
2007-02-06:1391,141,607,78,935,336
2007-01-01:300,508,580,482,139,43,621,152,727,749,229,441,479,160
2007-01-21:425,81,743,47,544
2007-02-05:451,115,351,778,1468,983,887,76,1132,836,800,800,623,205,456,578,704,106,1014,879,992,730,538
2007-01-16:223,202,535,722,105,312,614,112,163,690,487,586,394,33,78,697,317
2007-01-22:562,528,244,299,751,317,417,128,726,430,639,4,430,100,210,159,215,140,558,650,333
2007-01-16:575,565,135,449,507
2007-01-15:218,23,609,727,171
2007-01-13:141,646,447,657,525,499,201,36,285,489,122,268,272,658,388,503,568,47
2007-01-31:674,238,249,107,465,618,328,116,389,438,310,581,387,732,628,334,482
2007-01-21:229,235,551,274,281,509,769,31,761,363
2007-01-04:86,321,498,254,192,539,563
2007-01-04:563,417,101,608,369,629,57,99,706,611,636,92,698,118,82,507,750,117,708,349
2007-01-29:486,399,595,126
2007-02-05:1397,1496,124,749,1089,1489,349,1369,898,1359,1207,1182,556,978,1017,883
2007-01-04:775,342,70,72,81,18
2007-01-03:423,560,320,22,354,760,122,536,133,515,422,445,692,392,432,696,276,24,168,403,59,529
2007-01-08:121,598,164,215,389,60,489,470,488,295
2007-01-28:326
2007-01-16:448,727,571,395
2007-01-17:708,671,696,495,432,192,117,315,355,313,153,456,512,199,156,349,445,401,440,32,321,347
2007-02-01:1090,737,1191,796,1000,345,1043,133,639,710,1481,1476
2007-01-17:433,497,266,466,559,65,774,91,177,348,493,216,335,235,544
2007-01-15:575,566,329,382,20,422,421,160,138,552,198,216,688
2007-01-17:615,41,668,357,547,516,672,710,387,510,735,477,178,240,514
2007-01-20:123,15,650,51,196,696,111,85,169,567,105,95,418,477,440,347,71,442
2007-01-19:79,184,401,393,544,29,674,183,84,93,91,464,341,113,86
2007-01-26:351,409,504,541,775,155
2007-02-04:532,748,1212,400,1498
2007-01-19:182,343,312,643,253,624,231,316,135
2007-01-23:772,592,592,437,737,692,468,619,60,575,71,413,13,350,278,285,340
2007-01-05:69,662,309,115,205,217,56,192,526,87
2007-01-02:196,211,186,435,582,245,598,722,615,133
2007-02-08:1479,803,500,428,807,409,1395,574,972,449,1006,564,338,651,771,1312,543,800,1031,807
2007-01-29:582
2007-01-30:711,440,753,110,237,418,174,756,208,499,727,208,637
2007-02-08:940,585,1457,934,328,1434,1102,1252,1434,1440,337,932,939,578,9,371,1273,102,1030,1417,373,274,1239
2007-01-19:463,644,394,20,111,113,500,0
2007-01-20:747,208,513,59,722,421,407,622,222,382
2007-01-26:318,243,753,615,247,57,298
2007-01-10:105,337,276,651,399,274,384,644,169,382,94,141,513,69,75,583,362,393,774
2007-01-07:47,304,163,76,738,160,134,649,83,327,484,770,722,533
2007-01-24:182
2007-02-04:832,781,384,135,450,952,171,884,592,1056,1373,892,1278,512,990,1237,594,1323,1070,989,1444
2007-01-29:737,126,329,409,692,335,15,312
2007-01-28:325,398,123,53,251,699,444,552,722,33,772,634,493,452,107,568,743,31,588,669,570,628
2007-01-06:61,635,184,243,717,347,213,21,249,208,215,131,294,40,160,228,207,106
2007-01-01:87,364,26,131,558,584,547,519,735,10,462,160,756,525,749,363,252,449,490,613,360,429,64,5
2007-01-12:198,447,744,65,712,769,71,559,634,67,428,656,763,637,353,621,451,373,370
2007-01-21:427,352,522,447,606,690,257,126,198,332,197,543,435,753,178,104
2007-01-16:556
2007-02-08:339
2007-01-10:173,35,498
2007-01-26:459,390,387,236,498,388,628,758,80,409,0,235,477,500,671,115,162,388,264,580,495,292
2007-01-24:207,726,589,15,241,548,22,469
2007-01-17:488,459,268,768,30,741,405,700,535,269
2007-01-09:520,268,438,208,278,279,457
2007-01-17:493,435,547,60,685,668,192,393,381
2007-01-06:320,175,225,545,459,610,675,294,535
2007-01-14:622,562,745,736,157,221,96,270,358,642,144,543,703,298,292,470,702,400,500,740
2007-01-04:52,740,563,60,192,179,565,514,713,532,384,321,437,551,48,572,151,663
2007-01-30:409,512,687,173,528,441,81,717,563,15,513,656,487,39,26,272,492,531
2007-02-06:661,820,45,1476,294,1011,1344,94,704,129,90,1211,794,1035,48,879,1100
2007-02-03:1312
2007-01-17:101,518,317,35,519
2007-01-18:332,635
2007-02-06:902,155,314,150,812,722,1327,1030,862,1301,1474,314,361,108,1077
2007-02-03:80,1254,1131,595
2007-02-08:1348,53,219,951,614,649,1073,10
2007-01-04:739,248,225,60,35,257,339,574,587,33,151,729,574,735,411,662,502,580,338,634
2007-02-04:1165,434
2007-01-14:286,120,310,253,151,369,48,692,453,520
2007-02-05:1413,1362,1199,993,186,685,334,690,746,401,1179,1498,798,440,743,1096,308,1324,354,1388,1355,510,170
2007-01-18:567,454
2007-01-17:491,97,116,231,228,252,346,412,398,243,518,688,239,451,722,23,487,452,88,504
2007-02-09:1114,182
2007-02-09:521,1122,26,188,319,630,558,632,782,573,474,1266,1315,660,1397,455,824,994,439,1087,923,938,288
2007-01-07:573,330,102,481,356,176,2,521,419,588,598,437,634,297,354,200,390
2007-01-29:372,551,281,437,402,317,464,116,574,649,437,456,599,100,385,726,774,224,532,643,605,63,306
2007-01-15:97,472,268,716,379,2,328,598,100,155,7,571,121,346,518,534,13,525,624
2007-01-29:46,510,157,469,590,321,347,10
2007-01-27:180,8,182,77,291,666,81,105,676,95,146,398,457,208,231,102,422,132
2007-01-03:708,561,752,159,459,509,315,96,585,257,448,641,590,351,61,319,216,758
2007-02-05:552,790,245,361,612,1357,770,166,282,740,1085,144
2007-01-21:628,561,418,497,79,717,557,595,721,148,212,349,391
2007-01-19:518,713,421,1,104,367,165,156,471,358,709,555,503,548,107,178,453,302
2007-01-18:207,390,624,610
2007-02-05:912,1355,966,605,296,659,498,667,1377,945,161,615,1375,241,1426,1266
2007-01-17:27,162,571,172,123,13,702,289
2007-02-04:1407,816,34,1192,1085,251
2007-01-26:669,415,277,685,115,266,617,385,251,462,526,451,301,150,634,333,129,246,615,485,288,489,685
2007-02-06:1435,536,1176,1369,567,1157,622,117,173,1355,413,1060,382,1123,740,867,1445
2007-01-20:490
2007-02-08:1284,472,270,1386,583,1179,1469,805,1399,206,746,1020,1470,509,705,678,592,1487,798
2007-01-31:163,347,766,536,72,432,656,656,760,548,649,242,321,291,594,288,524,581,187,755,439
2007-01-24:28,56,221,250,187,212,105,78,453,200,233,594,672,670,463
2007-01-15:722,773,270,251,318,547,577,641,234,674,414,254,418,313,588,481
2007-01-25:548,156,456,266,466,767,736,251,74,392,325,128,479,654,69,76,179,191,61
2007-01-24:754,571,699,767,620,159,80,223,148,232,718,480,47,175,183,704,341,254,61,665,69,106,119,80
2007-01-15:689,220,318,92,156,407,356,688,592,731,662,39,332,613,313,586,129,498,737,72,512,280,305,262
2007-01-29:221,156,252,587,503,546,166,414,104,724,771,263,768,36,268,450,439,322
2007-01-18:237,478,672,648,13,521,504,480,151,475,311,563,32,176,529,56,200,712,419,195,543,113,224
2007-01-12:716,312,663
2007-01-10:442,317,730,493,120,25,456,616,29,354,365,121
2007-01-29:492,123,73,116,596,138,57,410,723,70,0,275,17,45,303,358,683,509,564,232
2007-01-12:0,316,66,375,251,269,273,701,418,716,400,17,373,468,362,408,285
2007-01-24:349,191,204,483
2007-01-10:730,722,707,393,545,475,579,182,149,19,116,696,503,605,767,282,409,537,663,695,121,741
2007-01-06:512
2007-01-04:253,701,165,145,91,516,95,200,202,710,233,384,295,437,100,595,481,98,521,470,11,254
2007-01-20:467,93,426,772,270,365,82,672,350,634,691,507,300,7,404,62,672,690,441,523
2007-01-10:276,382,9,592,550,162,90,33,96,775,310,492,304
2007-01-27:438,631,464,260,419,574,251,768,738,772,384,510,600,575,366,139,737
2007-01-20:739,729,172,686,574,198,699,703,356,530,442,675,391,189
2007-01-19:625,27,35,660,538,486,682,481,309,432,603,466,626,694,625
2007-02-09:1171,711,320
2007-01-25:284,150,306,572,496,454
2007-01-02:427,726,458,234,213,579,161,749,438,485,742,257,668,181,125,454,315
2007-01-03:735,195,685,465,118,572,419,731,739,597,146,359,472,111,74,478,757,304,50
2007-01-21:266,688,483,686,309,479,54,6,544,603
2007-01-01:752,569,620,463,47,520,522,435,489,209,658,372,597,8
2007-01-03:752,680,131,171,613,458,220,250,218,147,555,38,588,568,360,700,436,346,571,4,527,670,85,623
2007-01-30:143,368,469,690,541,347,487,114,692,310,51,636,698,307,567,392,578,248,57,33,543,167,542,403
2007-01-31:301,220,166
2007-02-04:369
2007-01-12:68,751,449,343,667,335,200,16,585,68,181,272,646,524,48,52,33,255,666,350
2007-02-04:118,1261,284,943,1279,477,551,999,301
2007-01-10:414,439,35,374
2007-01-23:296,38,483,78,540,463,178,368
2007-01-10:83,369,623,668,532,568,280,334,0,484,25,105,229,741,553,488,750,637,94,265,645
2007-01-16:18,746,54,740,708,466
2007-01-09:319,301,191,742,31,712,124,42,170,342,398,707,597,536,751
2007-01-01:762,641,80,705,168,489,471,418,278,390,353,379
2007-01-07:189,354,227,660,335
2007-02-06:1230,688,212,969,984,650,1200,236,810,1034,555,77,970,814,213,172,1134,699,225,296,24,537,1223
2007-02-04:1423,1401,1366,1007,69,950,904,623,1139,1456,1490,921,921,831,402,113,488,822,1187,853
2007-01-18:574,703,395,254,623,565,668,342,58,706,96,351
2007-01-06:123,448,101,188,259,572,502,634,190,562,129,757,687,593,556
2007-01-11:351,116,7,15,47,99,186,490,253,750,365,542,484,455,110,335,423
2007-01-11:85,120,17,261,464,185,678,412,97,465
2007-01-06:656,59,131,348,304,119,105,393,515,599,76,771,591
2007-01-25:706,416,608,255,458,602
2007-02-05:1316,590,1174,907,478,522,221,166,146,79,504
2007-01-22:462,209,392,341,9,457,390,551,578,755,63,364,749,446,205,93,508,388,661,467,704,391,33,295
2007-01-28:342,56,64,13,532,640,598,426,151,464,701,568
2007-02-08:276
2007-02-08:33,234,1179,12,974,558,1352,228,111,893,1015,875,1444,707,685,1157
2007-01-20:86,709,431,24,225,607,617,498
2007-01-03:26,23,513,372,717,62,76,371,679,309,85,247,441,132,198,312,663,761,505,747,731,338,264
2007-01-10:665,705,52,757,442,187,158,97,127,277,715,409,578,250,312,50
2007-01-23:282,638,259,464,175,178,116,734,446,237,79,737,306,278,284,670,500,30
2007-01-12:38,183,582,197,139,712,662,603,174
2007-02-01:51,1223,1447,205,1202,552
2007-02-05:1241,14,473,725,1276,864,188,1331,1160,370,1142,886,267,612,556,129,349,317
2007-01-30:699,500
2007-01-19:590,390,771,413,245,456,72
2007-01-13:23,167,524,350,288,364
2007-01-22:663,384,661,759,340,339,155,588,260,577,311,25,432,28,217,102,250,81,59,394,492,738
2007-01-17:150,522
2007-01-07:608,635
2007-01-15:760,730,159,9,37,91,619,127,714,424,98,703,725,623,219,207
2007-02-06:1184,59,221,694,1391,488,1252,1444,1298,1422,298,1419,1200,294,1032,800,1385,1293,1165,408,436,117,1425,1281
<end step data>
e0X ieG@czp
<end WqhH>
<Uxq
ou8 5SU]nIEv ^SS  O
<begin person data>
Id:1944819
Name:Tatyana
Weight:102.0
Height:1.0426
Age:78
<end person data>
<begin MKUB >
nI1nq  h:ILdpO
<end MKUB >
yfS0722 gIiS7
 2F g6Ppqh  z_V[4
<begin <] 2 >
JW Ey IF^fVE?6Tn
<end <] 2 >
<`GHu2l^
I9x4`]n g3g6 yGR
<ZM4
<begin person>
Id:1338027
Name:Merilee
Weight:90.0
Height:0.9168
Age:28
<end person data>
<begin step data>
2007-02-07:840,69,1279,1112,1328,946,710,360,1174,458,1215,1437,104,1291,490,476,722,195,1340
<end step data>
<begin 7;th9=>
bSh
<end 7;th9=>
c8 =
FU0
<begin dzDCi>
R >T^
<end dzDCi>
<begin person data>
Id:1092242
Name:Cinda
Weight:60.0
Height:0.9658
Age:62
<end person data>
<begin n9 9 >
XG x7NK8xN>B4N8H3axR
<end n9 9 >
GME
<begin step data>
2007-01-08:747
2007-02-08:778,262,862,1459,1192,1080,113,753,693,370,1283,636,1273,66,1240,175,426,1349,154,859
2007-01-19:99,614,555,42,359
2007-01-22:340,86,393,537,690,573,468,515,766,475,291,716,124,211,464,737,634,648,275,174
2007-01-09:541,659,348,326,661,405,79,127,561,131,447,608,393,486,226,763,410,496,105,402
2007-01-23:448,690,189,210,190,533,260,746,109,479,217,75,656,250,353,622
2007-02-06:945,174,1448,1001,1207,195,988,46,1153,235,876,1087,1070,779,647,393,1165,437,1366,689,1432,1176,228,1344
2007-01-10:716,770,122,330,686,231,307,522
2007-02-08:1247,409,839,95,1424,406,1392,78,1421,1361,1320,163
2007-01-31:488,136,180,43,636,130,554,277,278,20,657
2007-01-08:225,106,712,517,614,315,439,302,165,475,301
2007-01-15:163,558,184
2007-01-31:600,104,380,255,54,484,154,519,608,99,705,510,720,398,209,148,554,421,393,518,506,402,500,488
2007-01-29:362
2007-01-12:595,97,529,44,602,446,496,133,294,605
2007-02-03:1286,509,22,925,615,749,468,669,1494,489,860,1223,276,278,852,1334,959,475,180,907,1151,1383
2007-01-19:423,21,767,59,258,454,164,10,151,488,771,395,587,144,26,524,240,559,678,121
2007-01-11:593,43,426,233,749,419,557,472,26,472,270,491
2007-01-27:177,730,516,449,275
2007-01-15:556,4,464,21,737,174,287,551,626,188,407,693,416,767,241,564,473,91,397,357,616,262,446
2007-02-04:420,691,905,77,494,1437,286,271,145,43,1465,1330,1492,1320,75,1304
2007-01-19:217,311
2007-01-09:544,659,462,771,431,152,243,380,673,280,656,267,683,321,459,556,754
2007-01-14:319,420,335,289,752,673
2007-01-31:702,588,261,621,589,386,112,102,92,76,194,665,129,708,253,448,229,297,416
2007-01-28:297
2007-02-09:1104,1393,389,1462,1060,3,1115,1218,977,319,563,762,842,300,581,1394,1356,1138,1063,377,483,659,1027
2007-01-17:740,226,76,772,298,251,130,221,6,727,149,298,369,510,180,661
2007-01-20:251,554
2007-01-14:367,702,195,366,729,770,210,605
2007-02-04:216,285,1379,167,51,374,1276,664,444,945,237,737,411,1077,509,61,1298,128,535,711,141,831,811,566
2007-01-22:81,621,120,270,736
2007-02-06:1184,1190,1297,969,1052,163,246
2007-02-06:1402,693,729,949,346,485
2007-01-05:94,114
<end step data>
X=U7bv6mUkU3] w9
<begin r sal;>
pySE?o6HQ
<end r sal;>
Amy5 r4 RKK  R
<begin person data>
Id:1334456
Name:Andra
Weight:101.0
Height:1.5265
Age:44
<end person data>
<begin step data>
1999-13-31:840,69,1279,1112,1328,946,710,360,1174,458,1215,1437,104,1291,490,476,722,195,1340
<end step data>
<begin 8LMmU0>
Kn{o
<end 8LMmU0>
<begin Bl@uG>
<wmJ:\R`` 2n_ It
<end Bl@uG>
A{K; b Mra0
<8XqbT
<begin person data>
Id:1337589
Name:Sheridan
Weight:67.0
Height:2.0919
Age:82
<end person data>
<begin step data>
2007-01-08:747
2007-02-08:778,262,862,1459,1192,1080,113,753,693,370,1283,636,1273,66,1240,175,426,1349,154,859
2007-01-19:99,614,555,42,359
2007-01-22:340,86,393,537,690,573,468,515,766,475,291,716,124,211,464,737,634,648,275,174
2007-01-09:541,659,348,326,661,405,79,127,561,131,447,608,393,486,226,763,410,496,105,402
2007-01-23:448,690,189,210,190,533,260,746,109,479,217,75,656,250,353,622
2007-02-06:945,174,1448,1001,1207,195,988,46,1153,235,876,1087,1070,779,647,393,1165,437,1366,689,1432,1176,228,1344
2007-01-10:716,770,122,330,686,231,307,522
2007-02-08:1247,409,839,95,1424,406,1392,78,1421,1361,1320,163
2007-01-31:488,136,180,43,636,130,554,277,278,20,657
2007-01-08:225,106,712,517,614,315,439,302,165,475,301
2007-01-15:163,558,184
2007-01-31:600,104,380,255,54,484,154,519,608,99,705,510,720,398,209,148,554,421,393,518,506,402,500,488
2007-01-29:362
2007-01-12:595,97,529,44,602,446,496,133,294,605
2007-02-03:1286,509,22,925,615,749,468,669,1494,489,860,1223,276,278,852,1334,959,475,180,907,1151,1383
2007-01-19:423,21,767,59,258,454,164,10,151,488,771,395,587,144,26,524,240,559,678,121
2007-01-11:593,43,426,233,749,419,557,472,26,472,270,491
2007-01-27:177,730,516,449,275
2007-01-15:556,4,464,21,737,174,287,551,626,188,407,693,416,767,241,564,473,91,397,357,616,262,446
2007-02-04:420,691,905,77,494,1437,286,271,145,43,1465,1330,1492,1320,75,1304
2007-01-19:217,311
2007-01-09:544,659,462,771,431,152,243,380,673,280,656,267,683,321,459,556,754
2007-01-14:319,420,335,289,752,673
2007-01-31:702,588,261,621,589,386,112,102,92,76,194,665,129,708,253,448,229,297,416
2007-01-28:297
2007-02-09:1104,1393,389,1462,1060,3,1115,1218,977,319,563,762,842,300,581,1394,1356,1138,1063,377,483,659,1027
2007-01-17:740,226,76,772,298,251,130,221,6,727,149,298,369,510,180,661
2007-01-20:251,554
2007-01-14:367,702,195,366,729,770,210,605
2007-02-04:216,285,1379,167,51,374,1276,664,444,945,237,737,411,1077,509,61,1298,128,535,711,141,831,811,566
2007-01-22:81,621,120,270,736
2007-02-06:1184,1190,1297,969,1052,163,246
2007-02-06:1402,693,729,949,346,485
2007-01-05:94,114
<end step data>
<begin 3 V A>
A24yJZ9> 4
<end 3 V A>
 _RJ0
<begin ObL=u>
`GQs g;y WbdLU:V
<end ObL=u>
gZ]
^b edA` {^pG
 @2zEw5pw8AC[N [@K

2007-02-04:420,691,905,77,494,1437,286,271,145,43,1465,1330,1492,1320,75,1304
2007-01-19:217,311
2007-01-09:544,659,462,771,431,152,243,380,673,280,656,267,683,321,459,556,754
2007-01-14:319,420,335,289,752,673
2007-01-31:702,588,261,621,589,386,112,102,92,76,194,665,129,708,253,448,229,297,416
2007-01-28:297
2007-02-09:1104,1393,389,1462,1060,3,1115,1218,977,319,563,762,842,300,581,1394,1356,1138,1063,377,483,659,1027
2007-01-17:740,226,76,772,298,251,130,221,6,727,149,298,369,510,180,661
2007-01-20:251,554
2007-01-14:367,702,195,366,729,770,210,605
2007-02-04:216,285,1379,167,51,374,1276,664,444,945,237,737,411,1077,509,61,1298,128,535,711,141,831,811,566
2007-01-22:81,621,120,270,736
2007-02-06:1184,1190,1297,969,1052,163,246
2007-02-06:1402,693,729,949,346,485

23buEk
]`4TIM{p<ta6m_ay<Qy
:jtYChhi_ NpDkEq
