<begin 6Q3:>
^w2l7=
<end 6Q3:>
 acow9jB:
Oil
G rV]pX w2p549MnIB
<begin person data>
Id:1901816
Name:Leodora
Weight:95.0
Height:1.3308
Age:91
<end person data>
<begin step data>
1999-12-31:134,130,560,166,744,429,229,79,53,509,671,208,725,706,264,583,254
<end step data>
<begin [ cm7>
[3QEE2MqRl 14<P0Mw
<end [ cm7>
H L sb_=YeW_2F
koa5jWbk
oRhjY6QS]Uh
stray twaddle
1999-12-31:134,130,560,166,744,429,229,79,53,509,671,208,725,706,264,583,254
1999-12-31:134,130,560,166,744,429,229,79,53,509,671,208,725,706,264,583,254
1999-12-31:134,130,560,166,744,429,229,79,53,509,671,208,725,706,264,583,254
<begin <{Te= Y>
AtTfgob 9 kLbPL
<end <{Te= Y>
rdh 60WCy
<begin person data>
Id:1175852
Name:Moveline
Weight:74.0
Height:0.9367
Age:63
<end person data>
<begin An yP >
 _h1oWXhz_n J
<end An yP >
 SR Pq
<begin Oj=?=>
<dNBr= rerPpe244
<end Oj=?=>
<begin step data>
1999-12-31:134,130,560,166,744,429,229,79,53,509,671,208,725,706,264,583,254
<end step data>
<begin person data>
Id:1107050
Name:Olenka
Weight:118.0
Height:1.4259
Age:93
<end person data>
<begin   [0 >
<bkJF>3CDBeAR6 t
<end   [0 >
y 8@4@uzbkX
: D[
<begin SkzqQ3>
 @wN4FoP
<end SkzqQ3>
<begin person data
Id:1438532
Name:Sibel
Weight:51.0
Height:1.9850
Age:33
<end person data>
<begin step data>
2006-01-21:114,166,733,465,91,396,10
2008-01-28:763,546,74,443,247,505,34,523,482,501,601,585
2006-01-14:455,175,717,198,75,354,6,84,572,231,295,159,674,52
2007-01-01:671,176,146,674,614,409,404,208,473,539,343,513,541,664,128,276,596,547
2006-01-30:25,130,43,531,132,76,511,624,200,610,326,329,100,683,550,261,549
2006-01-06:228,453,221,761,723,239,304
2006-01-27:516,759
2006-01-21:467,123,412,665,131,368,585,677,638,509,499,549,668
2006-01-08:4,640,152,622,360,461,400,731,1,218
2006-01-22:547,472,657,99,601,398,111,596
2006-01-10:690,394,286,516,540,654,552,495,97,170,247,250,60,547,42,774,387,621,180,649,622,260,58
2008-01-27:197,127,447,444,629,694,632,251,465
<end step data>

<begin  ;X6c>
<:_0i 0 ujV=
<end  ;X6c>
ir2@ W KuC
<begin  jtJ>
QR R1j
<end  jtJ>
{0rp
6sjb=3KJ3p
<begin 53WU>
{H ;5tp zh h<piLyj
<end 53WU>
<begin  cuEY>
3oPyatcf^W gih0@mhGR
<end  cuEY>
qlHHeB=Hkw?
 UQ o]XM1>RAo L[A8
 5 q;qLQx^IcNW?m?AEd
<begin person data>
Id:1187691
Name:Chrystal
Weight:101.0
Height:2.0781
Age:22
<end person data>
<begin  foU>
 l1TjmdG_ =nO9
<end  foU>
<begin :;guWl>
<begin step data>
2006-01-13:134,130,560,166,744,429,229,79,53,509,671,208,725,706,264,583,254
2006-01-07:99,664,772,716,434,775,691,101,387
2006-01-21:370,358,549,747,305,593,181,584
2006-01-04:52,91,176,692,151,494,239,739,239,156,770,293,296,277,601,172,106,387,388,319,546
2006-01-09:411,71,435,775,729,120,353,73,559,463,339,49,724,288,565,313,321,595,45,533
2006-01-19:320,600,438,159,29,681,724,739,175
2006-01-19:573,11,317,635,91,482,235,358,462,622
2006-01-19:565,762,76,413,555,194,309,80,374,590
2006-01-02:518,590,288,612,352,363,593,219,261,258,601,378,677,683,750,55,659,696,351,566,648,704,457,430
2006-01-02:156,192,108,753,641,741,180,687,739,60,580,114,150,497,734,689,6,569,194,274,554,21,485,465
2006-01-05:339,514,633,516,567,741,294,502,312,156,692,4,182,144,301,593,290,504
2006-01-21:593,8,266,711,119
2006-01-14:342,228,77,334,481,146,251,603,281,680,82,525,492,537,191,295,304,599,691,563,597,285,40,348
2006-01-08:531,627,86,492,514,644,721,233,126,246,189,161,129,196,293,692,246
2006-01-19:620
2006-01-08:562,643,203,26,639,155,258,301,58,415,500,651,638,30,441,159,7,65,756,535,65
2006-01-23:608,302,453,580,553,55,723,503,54,211,235,351,422,429,328,760,90,260,375,740,447,286,641,372
2006-01-09:383,627,564,209,230,483,313,705,45,363,357,735,90,211,278,265,733,459
2006-01-29:132
2006-01-13:2,320,750,555
2006-01-12:738,339,732,25,445
2006-01-21:704,437,50,73,62,0,705
2006-01-09:76,400,106,560,526,186,545,285,347,5,342,262,681,60,494,142,219,134,583,515,475,237
2006-01-09:489,509,248,673,702,38,369,184,17
2006-01-30:590,100,85,236,531,668,60,309,401,204,104,155,274,528,537,249,209
2006-01-25:634,27,642,36
<end step data>
]j:6? ^pIAFx JVHYdn5
<end :;guWl>
<begin person data>
Id:1655011
Name:Roanne
Weight:102.0
Height:1.8779
Age:93
<end person data>
<begin <8YU8I>
ORPkUn6dbX hT
<end <8YU8I>
<begin step data>
2016-12-19:683,160,163,633,188,290,202,671,592,591,450,646,15
2016-12-01:685,727,571,414,240,66,445,70,692,189,64,2,486,204,325,499,128,298,527,470,10
2016-12-30:194,741,644
2016-12-01:207,27,774,53,558,362,91,88,59,329,126,474,189,91
2016-12-25:701,294,72,35,477,648,710,678,405,693
2016-12-01:446,247,529,210,47,649,276,528,182
2016-12-07:12,667,247,94,140,302,8,106
2016-12-19:181,399,305,92,221,84,130,180,373,480
2016-12-23:557,615,166,514,326,471,488,211,651,4,267,335,626,334,687,747,571,537,670,414,78
2016-12-26:54,259,101,305,661,625,332,366,566,259,35,506,200,693,57,86,314
2016-12-30:155
2016-12-05:4,326,300,140,636,40,282,249,723,749,26,321,539,657,506
2016-12-25:402,472,289,523,49
2016-12-29:55,242,594,641,626,263,374,247,529,457,22,641,131,82,679,532,152,628,274,435,252,574,157
2016-12-06:769,335,766,455,62,304,414,752,294,620,277,525,54,723,313,222,653,312
2016-12-29:488,525,80,466,70,130,143,260,694,337,24
2016-12-12:248,422,744,318,246,233,407,486,629,486,590,710,667
2016-12-18:355,766,3,74,299
2016-12-30:738,5,461,722,471,375,34,235,366,553,293,152,593,527
2016-12-27:716
2016-12-18:211,246,24,277,546,84,101,594,745,37,152,376,383,487,399,187,287
2016-12-28:54,258,686,524,383,297
2016-12-04:169,591,100,142,414,193,33,90,32,9,29,543,299,167,725,392,344,456,529,477
2016-12-08:502,42,37,209,283,133,148,116,140,27,758,281,24,327,497,431,139,560,518,295
2016-12-14:166,122,220,726,90
2016-12-18:407,84,645,640,146,446,529,591,471,770,621,102,83,640,567
2016-12-03:296,402,352,584,82
2016-12-16:97,474,171,320,180,122,539,775,660,336,704,385,277,91,340,663,292,757,167,646,605,626,95
2016-12-05:710,211,201,621
2016-12-01:328,684,85,181,42
2016-12-01:590,213,456,439,172,586,394,529
2016-12-25:361,598,112,317,693,520,26,463,58
2016-12-13:315,27,120,588,69,384,307
2016-12-25:715,539,80,716,111,78,551,71,85,369,497,551,460,700,544,71,485,399
2016-12-05:290,753,466,518,317,490,660,723,543,453
2016-12-02:155,747,512,771,366,427,37,121,588,74,541,363,288,754,55,395,678,621,530,91,299,651,159
2016-12-16:687,123,616,711,107,393,573,507
2016-12-27:601,725,460
2016-12-06:156,271,209,206,381
2016-12-23:137,444,669,113,649,528,351,680
2016-12-19:656,424,148,696,218,205,371,433,164,195,698,131,98,644,666,456,314,599,507,639,369
2016-12-09:143,569
2016-12-22:357,113,554,740
2016-12-08:208,375,107,184,322,370,46,252,216,324,621,567,350,274,584,138,137,133,346,160,774,83,715,201
<end step data>
 xtQCx
z2i77kq7y f\S
; 7n>5;yAKujC6IR
<begin @QkwG >
fq;M]k[z
<end @QkwG >
:se2`kq>I=f{?C?`w
<begin person data>
Id:1794917
Name:Benefits
Weight:99.0
Height:2.1023
Age:74
<end person data>
<begin LppcC>
ANpgn>oRR=z7O
<end LppcC>
H x4^VZOd51Mc86 G f
<begin step data>
2018-11-30:134,130,560,166,744,429,229,79,53,509,671,208,725,706,264,583,254
2016-12-07:99,664,772,716,434,775,691,101,387
2015-12-21:370,358,549,747,305,593,181,584
2015-02-04:52,91,176,692,151,494,239,739,239,156,770,293,296,277,601,172,106,387,388,319,546
2016-03-28:641,609
2016-04-23:573,445,230,569
2016-05-25:206,33
2015-06-20:191
2016-07-15:74,396,629,356,334,641,397,286
2016-08-20:766,514,91,729,634,236,21,49,320,670
2015-09-17:62,23,446,205,136,199,695,362
2019-10-30:433,95,459,39,90,700,42,746,259,483,409,280,451,361,208
2016-11-17:240,68,23,285,333,258,189,548,526,684,481
2016-12-27:246,124,213,704,534
2012-12-11:692,636,441,274,59,423,194,392,430,152,408,702,482,445
2016-12-26:337,753,202,625,363,80,489,699,342,493,653,515,260,674,433,175,523
2013-12-02:87,24,292,738,587,638,623,254,122,624,127
2016-12-16:457,561,109,8,463,475
2016-12-06:135,239,469,217
2016-12-05:153,477,412,483,265,196,239,245,445,355,399,11,524,743,105,387,414,425,769,210,489,651,421,475
2016-12-11:504,86,63,301,652,750,231,481,76,483,768,565,377,697
2009-12-20:623
<end step data>
<begin F1wh>
  l8 C 9`vQqZf =OQ
<end F1wh>
oRN Jg_
ma?Q1hgkdK
RT ;COLhEk_  NllQOV
syo\
<begin  v;4w1>
GC40YlEizG6u;D=Tf7u
<end  v;4w1>
<begin _sB[>
SIlGG9ArQ
<end _sB[>
;h3WuZp  wVn]k
1ueB F2U9iXx4`aWb
uIK:e ^
UL_fR{_8 2vqEu
<begin R 47>
8:kB
<end R 47>
