
fg
Kq=
+(U_
zUzdNOx
=oy#La!AGO
ihEjKs*Sy
>o@G
!zvyx
#*kFc/UTL
<begin person data>
Name:Liam
Weight:68.2
Age:27
<end person data>
KOX*
cnJmaAq
P*KaIS^Z
r*r

>uC
+? S#oG +t
G=x#/g@
+L%
Hb
<begin step data>
2019-01-01:74,2043,8,1,4,231
2019-01-02:0,3,1748,1,12,564,33
2019-01-03:9,0,7,249,392,2,0,1,103,1,265,109,1,763,459,0,0
2019-01-04:13,4,613,77,66,172,1416
2019-01-05:1730,0,0,16,11,1,593,9,1,0
2019-01-06:0,2,0,95,1,3,63,980,0,1023,194
2019-01-07:102,855,7,505,388,6,3,3,2,0,95,395
2019-01-08:2,78,777,1,69,1,2,316,1115
2019-01-09:49,1,2,739,21,1500,49,0
2019-01-10:6,203,336,1,1172,240,104,65,45,186,3
2019-01-11:4,568,131,1,191,1466
2019-01-12:3,10,59,17,2,5,2265
2019-01-13:116,156,428,1098,25,46,492
2019-01-14:60,1,3,0,119,1,2177
2019-01-15:14,292,75,1918,35,4,23
2019-01-16:5,1727,1,67,7,0,7,1,1,1,384,160
2019-01-17:618,0,4,2,1272,1,1,0,1,461,1
2019-01-18:389,183,1144,525,44,73,3
2019-01-19:1,844,653,223,632,2,2,4
2019-01-20:3,1,30,6,2282,36,3
2019-01-21:10,1026,1,24,10,1,1022,267
2019-02-01:31,4
2019-02-02:0,25,3,7,0
2019-02-03:5,27,3,0
2019-02-04:1,1,8,25
2019-02-05:4,3,13,15
2019-02-06:1,14,5,9,1,1,4
2019-02-07:2,5,0,3,2,3,0,0,4,1,2,3,1,7,0,2,0
2019-02-08:33,2
2019-02-09:7,11,1,11,1,0,4
2019-02-10:35
2019-02-11:0,3,11,15,6
2019-02-12:1,8,26
2019-02-13:1,7,0,3,8,16
2019-02-14:1,25,9
2019-02-15:10,1,2,0,0,15,7
2019-02-16:5,14,16
2019-02-17:3,22,10
2019-02-18:1,1,0,18,13,2
2019-02-19:18,5,12
2019-02-20:1,0,26,1,7,0
2019-02-21:35
2019-02-22:35
2019-02-23:3,1,28,3
2019-02-24:30,2,3
2019-02-25:11,3,20,1
2019-02-26:0,7,0,0,24,0,1,2,1
2019-02-27:1,0,32,2
2019-02-28:3,15,1,1,0,0,1,0,1,0,13
2019-03-01:8,71,245,33,402,2,10,49,42,941,2,14,1,1
2019-03-02:9,168,60,27,1,9,579,861,57,50
2019-03-03:1,0,11,4,1204,2,207,392
2019-03-04:1062,1,0,0,12,0,59,15,0,2,0,670
2019-03-05:34,8,0,161,11,1604,3
2019-03-06:9,1121,1,0,24,0,1,568,97
2019-03-07:747,193,76,175,630
2019-03-08:213,5,2,2,1,1590,5,3
2019-03-09:2,218,22,4,1316,36,120,11,92
2019-03-10:60,17,3,0,136,22,0,404,950,228,1
2019-03-11:15,292,26,1423,16,13,6,0,15,2,13
2019-05-01:112,182,0,0,9,6,1,92,195,29
2019-05-02:156,3,456,4,1,0,6
2019-05-03:126,0,34,1,319,0,0,8,5,37,88,1,7
2019-05-04:8,609,0,9
2019-05-05:189,7,13,1,23,60,333
2019-05-06:0,1,8,0,0,1,1,0,3,612
2019-05-07:17,1,1,144,27,0,0,51,366,18,1,0
2019-05-08:135,14,79,162,96,130,10
2019-05-09:3,31,141,14,1,1,21,1,152,6,234,6,15
2019-05-10:10,44,13,2,0,165,80,62,244,6
2019-05-11:11,3,2,8,72,99,0,0,1,109,1,0,0,1,22,9,288
2019-05-12:64,5,163,0,0,391,3
2019-05-13:3,94,91,59,46,138,160,5,17,6,2,5
2019-05-14:0,18,0,1,0,64,543
2019-05-15:83,331,26,30,156
2019-05-16:20,13,24,12,304,1,223,29
2019-06-01:13,2392,9,12,2,89,5,42,1
2019-06-02:380,4,71,21,0,1826,237,0,3,6,2,0,0,15
2019-06-03:325,0,2,4,231,2,0,1793,14,110,0,82,2
2019-06-04:73,1891,413,28,84,76
2019-06-05:106,229,0,15,1066,1142,6,1
2019-06-06:0,0,2508,51,6
2019-06-07:1,12,5,10,274,126,16,48,1108,0,6,959
2019-06-08:88,2,94,0,45,53,19,38,811,188,1227
2019-06-09:1,2094,7,1,0,2,83,0,0,169,208,0,0
2019-06-10:11,466,4,435,44,601,831,1,172
2019-06-11:4,473,2,0,15,2063,1,7,0,0
2019-06-12:1,2564
2019-06-13:63,1,1,2465,31,4
2019-06-14:39,974,143,2,372,132,899,4
2019-06-15:0,400,0,13,1757,357,2,33,1,2
2019-08-01:66,11,26,69,143,10,131
2019-08-02:0,179,57,7,212,1
2019-08-03:267,8,17,36,128
2019-08-04:26,421,1,0,6,2
2019-08-05:2,124,209,24,0,70,26,1
2019-08-06:1,48,59,24,246,2,1,63,12,0,0
2019-08-07:6,357,71,13,9
2019-08-08:1,405,13,16,21
2019-08-09:4,2,0,146,206,98
2019-08-10:54,1,6,21,0,1,373
2019-08-11:74,2,292,88
2019-08-12:6,1,163,50,8,228
2019-08-13:2,3,0,1,7,45,2,269,1,26,0,7,0,0,48,0,45
2019-08-14:272,118,1,0,59,2,0,1,3
2019-08-15:152,5,207,92
2019-08-16:2,9,119,36,78,212
2019-09-01:150,1,26,6,18
2019-09-02:196,5
2019-09-03:9,1,20,0,0,35,2,115,0,0,0,0,19
2019-09-04:0,0,0,74,24,1,99,0,2,1
2019-09-05:3,1,2,50,4,64,53,3,21,0
2019-09-06:1,2,1,195,2
2019-09-07:3,9,0,57,53,61,18
2019-09-08:14,34,153
2019-09-09:2,53,1,12,0,0,4,3,6,10,106,4
2019-09-10:0,151,9,4,35,2
2019-09-11:38,6,20,2,68,63,4
2019-09-12:0,0,12,45,1,143
2019-09-13:26,2,167,6
2019-09-14:3,1,0,197
2019-09-15:156,16,29
2019-09-16:8,98,6,1,55,33
2019-09-17:4,28,169
2019-09-18:16,1,8,8,168
2019-09-19:139,4,16,17,0,0,0,1,24
2019-09-20:189,12
2019-10-01:53,1,15,2,37,2,75,0,0
2019-10-02:4,23,89,11,12,43,1,1,1
2019-10-03:154,31
2019-10-04:49,136
2019-10-05:135,0,26,16,6,2
2019-10-06:4,8,173
2019-10-07:130,0,10,0,8,6,5,26
2019-10-08:160,25
2019-10-09:13,149,23
2019-10-10:4,44,18,14,4,4,4,93
2019-10-11:102,69,14
2019-10-12:184,1
2019-10-13:30,60,55,1,3,0,3,8,25
2019-10-14:6,0,1,4,9,1,15,17,15,8,59,50
2019-10-15:20,153,4,8
2019-10-16:49,74,62
2019-10-17:58,75,3,2,4,41,2
2019-10-18:64,75,46
2019-10-19:19,83,82,0,0,1
2019-10-20:5,1,0,39,110,0,5,7,3,4,11
2019-10-21:4,13,20,56,3,3,86
2019-10-22:18,75,5,2,0,0,1,1,3,46,2,2,29,1
2019-10-23:78,0,15,2,90,0
2019-10-24:1,1,183
2019-10-25:3,27,2,10,105,38
2019-10-26:4,33,3,17,8,45,5,4,23,43
2019-10-27:128,39,1,7,0,9,1
2019-11-01:7,27,143,8,44,1,6
2019-11-02:96,114,26
2019-11-03:35,35,25,5,127,9
2019-11-04:5,1,12,106,2,26,22,0,1,1,0,60
2019-11-05:70,25,74,0,0,1,65,1
2019-11-06:179,9,8,6,34
2019-11-07:27,1,208,0
2019-11-08:6,131,0,1,94,4
2019-11-09:115,4,7,41,3,66
2019-11-10:37,8,6,1,156,5,0,0,0,0,21,2,0
2019-11-11:1,2,17,164,0,11,41
2019-11-12:0,2,176,12,1,2,7,4,28,1,3
2019-11-13:1,79,0,146,10
2019-11-14:9,168,13,5,4,28,1,8
2019-11-15:1,9,16,65,129,1,15
2019-11-16:1,3,10,20,24,178
2019-11-17:44,2,112,13,23,42
2019-11-18:17,0,2,120,32,63,2
2019-11-19:71,141,24
2019-11-20:7,0,21,21,141,3,1,42
2019-12-01:0,1,12,137,1,3,7,1,0,10
2019-12-02:2,1,16,18,2,62,0,71
2019-12-03:3,1,168
2019-12-04:3,32,23,21,89,1,3
2019-12-05:54,17,1,96,0,4
2019-12-06:11,159,2
2019-12-07:0,1,1,8,41,121
2019-12-08:25,130,2,15
2019-12-09:1,72,0,4,50,0,44,1
2019-12-10:1,38,2,62,5,50,12,2
2019-12-11:148,1,1,22,0
2019-12-12:13,113,3,25,7,7,4
2019-12-13:2,4,4,0,2,10,1,149
2019-12-14:20,35,2,16,78,3,0,2,16
2019-12-15:3,4,21,4,140
2019-12-16:148,24
2019-12-17:2,0,24,78,37,9,22,0
<end step data>
FoO_rryl
r
C>=kck)I
KkLXmN&
vde

vmsNs
DocaQCifOp
sf/oz*U*F
cQF
