<begin 50DOVn>
YvE7P]HU
<end 50DOVn>
nT2sz
YaCSYwOhN? dnETsQ3ai
0as]8XIL
SIpQWURDUWA
<begin n?bm>
J4mybI_H{b
<end n?bm>
w=BZ <Xxbal rVvi4P
j:sTk78EnjH=_JPSA
oH:06
<beNsZfDN S5Q i0YA=r
<begin r]Ks?>
 ;R]z AUlb0NX:3;Zs \
<end r]Ks?>
RF8m3v
 rzp0 nNOL
fa=CK
Uc2H@dAw_C <S9
<begin <uw MT>
N6 M  ]QJg{ @rw
<end <uw MT>
Zmmi
5pf]z r>9w
@1]6
 ufQEN
<begin 8iZ\k_>
>6j Hqc
<end 8iZ\k_>
n674 `cM Yx>c;=i
2>7fiX;nsfj[h
 Tt_O Q\oure_4<
;H 0h]?
<begin zT07 >
X@:sw5g{cE 
<end zT07 >
<I5iVj:nb ?qw3F Y 
` V U9RnU
< Zp F  ONR
y7cK
<begin @xZ >
u5v T?kfZ  MTS]
<end @xZ >
ZI s
<7i0@zN
< QLPXm3
Vve@
<begin w\8n>
9vTdlHxW96
<end w\8n>
fGe zT   83a
<begin person data>
Name:Fern
Weight:94
Age:80
<end person data>
<begin <_;kd>
l 4Tau2Z
<end <_;kd>
kHO 4 ]g
Wn_G 5Mz
O2 
<Lw 2gdgKh;oXY5W
<begin Yc  >
KggKE[FGg
<end Yc  >
<nbcUS5 
Ys4
l52] BW3Hh9prX:jQVhf
q0n Paf ^<v2T @N;Rc
<begin Pi=  >
`?KLaNsDd]]Z1E if
<end Pi=  >
KT5vqH
H 9Y
<<:bew0
Bhx=nc2:_`b
<begin step data>
2010-01-01:110,600,121,107,326,612,615,147,2,323,753,275,357,566
2010-01-02:140,748,438,377,599,688,615
2010-01-03:420
2010-01-04:752,98,640,282,483,422,25,364,729,761
2010-01-05:559,576,621,408,283,568,665,43,404,135,195,456,146,665,72,278,363,736,113
2010-01-06:656,379,417,90,685,516,404,635,695,67,214,726,77,277,465
2010-01-07:70,376,492,329,619,596,183,625,187,252,116,566,34,590,309,709,632,91,659,350,340,12,136,457
2010-01-08:28,81,17,775,234,569,173,415,423,702,521,372,766,632,41,702
2010-01-09:587,758,510,701,456,524,148
2010-01-10:298,343,159,444,651,460,289,735,419,54,555,636,246,476,140,666,276,109,483,309,316,357
2010-01-11:113,358,170,50,459,723,279,8,413,109,300,710,558
2010-01-12:501,711,720,728,131,762,187,446,363,555,220,376,512,592
2010-01-13:595,391,371,634,87,734,268,437,606,221
2010-01-14:442,605,477,481,697,237,209,301,489,691,340,558,395,686,187
2010-01-15:238,230,80,361,517,574,727,594,195,588,72,721,583,314,550,601,333,654,681
2010-01-16:529,513,709,38
2010-01-17:320,231,549,161,343,368,519
2010-01-18:754,421,302,169,406,606
2010-01-19:343,166,767,35,385,759,559,768,327
2010-01-20:709,111,44,49
2010-01-21:637,622,457,691,623,56,433,625,87,195,447,32,137,309,335,201,209,246,538,633,759
2010-01-22:313,412,264,310,380,561,195,217,474,567,762,740,599,654,669,121,672
2010-01-23:620,147,601,384,20
2010-01-24:607,622,296,225,269,9,742,521,300,48,499,679
2010-01-25:718,1,330,558,81,753,717,174,729,134,118,327,362,394,360,160,608,732,533
2010-01-26:57,705,223,596,346,647,222,479,770,169,215,3,195,187,446,514
2010-01-27:77,189,652,506,29,248,308,484,85,757,332,81,386,335,461,102,153,616,9,641,292,180,324,591
2010-01-28:513,645,632,310
2010-01-29:199,504,216,621,678,600,412,603,561,768,179,642,5,421,720,46,664,379
2010-01-30:129,742,364,416,521,620,250,690,252,708,428,256
2010-01-31:338,343,141,293
2010-02-01:943,1106,1157,368,1033,675,830,527,1479,838,1177,1406,1228,714,727
2010-02-02:693,1460,848,270,352,1146,607,752,785,570,845
2010-02-03:676,1071,461,1311,823,810,958,779,938,903
2010-02-04:91,1213,538,118,562,987
2010-02-05:203,1459,542,39,251,1026,1230,79,1046,518,1230,690,1269,746,1268,97,1229,243,1045,1327,1470,1366,27
2010-02-06:437,847,115,858,1313,1458,1109,1316,989,1207,1402,678,1443,475,746,1372,507,572,563
2010-02-07:1309,992,603,446,1088,645,1227,1497,464,369,436,1177,1136,516,1163,127,566
2010-02-08:794,1131,467,1258,1298,1086,483,1438,1294,621,90,687,208,643,27,1108,1348,645,1319,1265,80
2010-02-09:973,942,1197,1494,1331,419,1009,99,1032,1053,1062,452,326
2010-02-10:1458,462,1482,798,1133,185,1110,1444,1414,1321,31,1287,1174,542,958,1283,444,158,621,1341,706
2010-02-11:1476,1373
2010-02-12:739,676,139,691,81,1058,1401
2010-02-13:1101,388,1072,528,317,469,1213,1095,596,1379,629,1396,1345,1254,1050,523,511,613,1179,1076
2010-02-14:637,1212,1123,1072,1205,845,1433,355,1350,376,880,653,1267,423,1383,691,693,425,308,1088,1177,509,426,1357
2010-02-15:599,333,267,955,1445,780,1401
2010-02-16:984,127,1165,1456,39,1336
2010-02-17:626,74,1296,846,552,154,1427,2,91,177
2010-02-18:1056,1310,1136,837,328,23,488,724,646
2010-02-19:854,1458,917,1170,42,118,741,199,116,1331,6,1101,1033,485,1101
2010-02-20:1204,1001,900,42,759,1187,478,921,1338,825,497,170,528,1291,690,16,1111,989,792
2010-02-21:355,1239,1496,224,1207
2010-02-22:1498,862,1191,1413,352,624,1014,1345,526,935,1402,575,571,470,418,482
2010-02-23:1058,1377,1116,840,863,641,1145,308,668
2010-02-24:504,361,51,1395,1394,293,365,1486,1334,405,873,574,600,1375
2010-02-25:239,326,1462,230,736,1468,205,1009,139,1131,453
2010-02-26:955,54,262,893,414,613,248
2010-02-27:819,1476,1049,742,918,1037,1042,1313,117,264,437,306,952,506,1286,251,775,942,924,0,949,478,308,580
2010-02-28:220,760,617,1229
2010-03-01:1595,330,1554,561,1662,93,942,1938,1979,1047,1296,634,1551,669,1483,666,1321,1697,1972,2113
2010-03-02:778,854
2010-03-03:357,610
2010-03-04:1383,1884,57,1361,2020,855,1740,1458,1292,540,130,1290,1718,1006,948,1125,1563,517,1150,1359,1540,813,1667
2010-03-05:715,1510,1825,2018,650,1900,1693,2078,313,135,1532,889,1221,1747,1096,497,2011,981,1444,837,328,183,1421,14
2010-03-06:82,675,316,1769,1182,1978,1041,1053,552,1092,1283,1034,842,1591,1488
2010-03-07:424,1801,201,223,1471,586,959,1382,215,36,1330,605,1055,1841,972,1189,1810,922,2118,392,1126
2010-03-08:689,1477,168,649,1608,2058,782,1252,1462
2010-03-09:958,1027,446,1270,1659,782,753,1770,118,478,1646,475,1685,134,659,1093,454,1190,1557,1923,1355,1141,1289,1125
2010-03-10:2008,1557,59,1666,889,1220,1958,1932,1814,1474,389,2008,149,651,1779,183,923
2010-03-11:610,2106,1526,689,632,307,1590,1182,982,1492,1408,861,301,898,48,1251,54
2010-03-12:1745,109,1989,785,22,795,1648,1695,527,1933,2012,1645,516,1794,2080,770,937,847,511,441,1792,747
2010-03-13:1982,1150,565,61,1774,60,348,229,1930,2108,125
2010-03-14:1315,1090,1089,1898,318,1752,1030
2010-03-15:1982,82,141,1240
2010-03-16:124,1215,1072,1614,699,658,1659,347,1568,1219,871,487,828,2059,1430,615,1056,27
2010-03-17:551,1085,1251,799,154,1067,781,968,1428,1767,2012,238
2010-03-18:92,6
2010-03-19:1528,1071,216,1673,748,376,998,847,585,28,777,1539,1895,1009
2010-03-20:413,1339,1429,584,317,2104,113,451,1438,1614,544,242,2068,1858,220,1941,14,1482,2047,935
2010-03-21:298,135,1526,586,1477,760,14,356,1726,794,1970,1373,1483,168,801,986,1834,593,1663,351,427,99,1608
2010-03-22:829,376,1504,19,1838,195,774,1291,827,2003,1682,490,276,1998
2010-03-23:1946,1986,2093,2039,16,846,910,1482,1365,1000,2049,796,1291,2097,709
2010-03-24:1197,372,87,2041,541,919,444,1166,91,827
2010-03-25:2090,1461,309,144,446,1989,132,366,406,1839,1266,874,900,2015
2010-03-26:173,989,733
2010-03-27:1207,1062,2005,1605,1574,1680,118
2010-03-28:929,351,699,438,811,808,2081,20,1627,1943,482,132,1127,1539,1166,714,1663,1847,769,992
2010-03-29:1018,91,1269,2109,234,1977,1418,1182,1527,1259,107,1404,760,108,1564,1933,2044
2010-03-30:103,1947,1313,170,971,470
2010-03-31:1058,860,170,1770,832,2023,1393,569,1279,1613,2054,339,1222,1281,621,420,2118,1090,242,207,1268,209,1388
2010-04-01:1561,969,803,187,930,2528,20,109,905,558,1837,2451,985,1057,654,87,261,2273,2585,381,1978,366
2010-04-02:221,2038,2529,2485,2094,1447,1295,709,1893,1580,1615,1924,1997,1745
2010-04-03:972,1402,570,204,1522,1989,396,1374,1403,1834,2234,1262,282,2133,131
2010-04-04:1376,1781,436,2314,793,1136,2449,2133,1014,1848,1850,2047,12,2395,1493,5,922,2257,814,2387
2010-04-05:315,1534,610,1486,915,2206,1244,898,1368,1816
2010-04-06:702,529,1592,1788,2340,2320,942,851,1618,1655,193,1258
2010-04-07:1148,2596,637,1520,1952,379,1850,1694,688,1677,799,2073,389,1234,2051,1462,807,1974,128
2010-04-08:2537,2468,1575,2553,23,225,1735,1726,96,761,228,2140,866
2010-04-09:631,1032,1109,242,1326,2517,2486,2419,2215,1762,2026,2188,1211,1491,2149,1040,791,787,1043,499,2235,1415
2010-04-10:1727,1068,2119,1448,963
2010-04-11:791,219,1810,1420,2443,311,1395,842,601,29,1206
2010-04-12:1149,798,480,711,263,1048,1431,2121,444
2010-04-13:1873,879,2419,1131,1066,1913,1971,436,1976
2010-04-14:2315,1855,2457
2010-04-15:441
2010-04-16:1043,796,2129
2010-04-17:702,418,2465,802,2150,2388,635
2010-04-18:601,138,2086,208,1903,1954,12
2010-04-19:749,2062,833,2350,484,2047,2522,964,469,1020,2546,2562,1940,2261,1246,2344,1821,1692,2316,940,256,934,1695
2010-04-20:532,621,1679,290,420
2010-04-21:1274,311,730,187,1687,2218,336,1651,568,1787,1920,1965,2235,1053,943,116,2537,82,2323,297,2057,1634
2010-04-22:2369,2080,1561,631,1661,2320,1615,1551,741,1255,2438,1616,1681,1757,1094,2098,1445
2010-04-23:1545,502,1629,1969,1968
2010-04-24:1160,1823,577,965,2557,90,1542,1818
2010-04-25:1960,568,1171,1941,294,812,1583
2010-04-26:1784,576,2378,2365,1928,1312,1202,1467
2010-04-27:2465,1280,567,1311,1165,2009,2430,2288,1564,1314,2262,496,313
2010-04-28:1950,237,1116,19,718
2010-04-29:984,189,1943,700,123,1933,285,945,1868,2403,2331
2010-04-30:2457,2379,652,896,617,2193,489,2587,1092,52,72,1499,2485,2007
2010-05-01:1164,2436,1301,2699,2458,1121,2586,775,193,1358,2865,368,1760,1144,593,2146,2145,121,1893,2169,1683,1908,1183
2010-05-02:1887,20,193,361
2010-05-03:1404,2290,2176,2250,1931,291,2647,1394,2845
2010-05-04:1115,1748,1825,2084,931,229,966,793,1852
2010-05-05:614,2040,23,1398,2017,853,2579,2615,2438,532
2010-05-06:1180,1546,104,1852,2867,2642,1410
2010-05-07:2447,2815,1893,2450,2525,165,2349,607,153,1264,1046,20,2,730,938,1290,1519,2794,2100,1699,290,1728,263,1796
2010-05-08:2226,868
2010-05-09:373,2022,678,1851,462,2675,836,2544,2133,270,2248,2662,452,782,1459,240,1955,1150
2010-05-10:1742,1070,987,1695,952
2010-05-11:2609,2495,2806,2737,1249,762,502,2176,750,2421,864,914,321,694,1699,792,1953
2010-05-12:2065
2010-05-13:1807,32,2778,2670,2518,1939,1707,935,1376
2010-05-14:1530,1974,843,580,408,1437,1454,806,1983,1157,2883,2292,1403,237,261,1096,2746,1387,1142
2010-05-15:73,1391,658,2863,1387,2742,1295,630,283,2097,2319,98,0,2007,1647,1878,2799,2098
2010-05-16:274,1683,1878,2523,433,1971
2010-05-17:595,33
2010-05-18:2747,2003,101,453,2453,770,1739,2621,1346,2301,737
2010-05-19:170,2772,880,732,2595,1920,11,638,2675,948,857,997,1349,2645,1319,2529,1616,1414
2010-05-20:996,1674,498,741,318,177,1928,2873,1332,869,1135,933,532
2010-05-21:580,1780,241,155,2826,573,288,1339,1660,884,340,948,1519,1366,1048,2721,160
2010-05-22:2807,2734,2569,1621,2329,29,2168,958,136,1092,66,1706
2010-05-23:2606,985
2010-05-24:328,2188,1281,622,1835,2615,2259,2212,859,1464,782,834,1705,1017
2010-05-25:1782,18
2010-05-26:550,854,566,2291,595,2090,2138,2104,554,1925
2010-05-27:2707,357,2768,843,2579,538,2365,1665,1042,14,1108,1961,276,2842,1076,531
2010-05-28:2600,171,1122,1768,607,1402
2010-05-29:603,1434,727,548,2471,2235,527,2710,2013,735,1647,1469,566,1280,340,536,2171,1065
2010-05-30:397,557,2296,1128,763,582,579
2010-05-31:2320,2485,16,1249,1739,1490,1108,2267,1578,2,588,324,2052,450,1889,1445,440,1625,836,2069,19,1259,1705,1119
2010-06-01:2311,983,478,248,2263,1020,163,1425,1265,2759,1912,643
2010-06-02:2859,284,1909,2638,436,199,997,306,831,1382,61,1846,1127,2576,1063,1708,2461,2203
2010-06-03:2455,1861,2420,1594,1238,268,426,1704,2882
2010-06-04:1890,416,2578,2283,101,373
2010-06-05:1408,2623,2965,1125,231,2053,520,1365,138,1332
2010-06-06:910,703,499,439,2809,566,1300,1245,888,617,1168,42,2375,1896,2786,1143,2716,1965,1856,1329,2387,1194,2411,385
2010-06-07:1757,1505,2446,2842,1448,2955,130
2010-06-08:323,413,1670,1967,501,1472,2243,762,1606,1544,2065,325,1284,645,354,2613,1312
2010-06-09:77,903,528,488
2010-06-10:1438,1146,873,392
2010-06-11:756,2034,361
2010-06-12:1068,914,2180,683,1981,2041,264,1232,2636,438,1028,757,2748,625,380,1308,421,2834,762,2263,31,1401,896,2229
2010-06-13:2349,1907,116
2010-06-14:2959,764,1673,530,2791,1580,2125,542,1428,424,2274,1083,2172,588
2010-06-15:1220,2870,2402,793,2507,618,1476,191,875,2364,1754,2437,2733
2010-06-16:2225,461,1455,347,2312,769
2010-06-17:1661,337,288,860,2619,2406,239,1061,1513,1339,1569,1776,2449,2364,1167,2037,791
2010-06-18:2313,2586,186,1806,1521,2031,391,1969,2550,2123,367,2071,961,2402,703,1797,806,327,359,2687,728,812,1628,451
2010-06-19:2927,261,1875
2010-06-20:1785,789,2293
2010-06-21:2354,612,97,2177,1113,100,1090,1590,2717,1666,2319,1213,2413,2024,1930,682,932,2865,208,963,2632,435,873
2010-06-22:2702,89,2081,1118,444,1149,1552,2037,1877,1395
2010-06-23:1306
2010-06-24:2412,1746,2072,1863,1831,879,1245,1289,894,2269,899,1480
2010-06-25:2919,1131,1936,1442,469,1699,234,435,1980,1973,2819,672,2614,1182,495,1757,1142,27
2010-06-26:2609,827,1378,877,1190,2955,2543,514,238,1144,1245,2005,1195,929,1147,467,1509,2244,2454,78
2010-06-27:1642
2010-06-28:2307,2087,2667,2630,1549,582,656,730,2460
2010-06-29:659,2020
2010-06-30:767,2899,1850,773,391,1641,1685,1369,1515,385,2676,1674
2010-07-01:1458,338,62,1847,1019,2792,1741,1990,1806,2353,2055,1264
2010-07-02:311,610,667,732
2010-07-03:536,2676,1630,1138,2107,561,345,2683,2537,776,825,2267,2666,1645,1056,1864,623,1784,1522
2010-07-04:997,1266,1677,1978,2862,891,2118,2822,1214,2683
2010-07-05:323,2894,543,833,199,2794,2260,1741,1965,622,1055
2010-07-06:2297,2767,1711,2756,13,1952,484,488,1773,1841,86,1916,2256,2282,1161,1868
2010-07-07:487,1689,2125,1678,91,197,2636,621
2010-07-08:685,1352,2016,2788,958,437,2274,1965,17,1940,670
2010-07-09:1941,2383,134,2828,2892,174,2748,836,2551,1130,1683,1555,970,2614,890,1766,220,2208,1878,1199
2010-07-10:1123,1937,1106,1781,346,269,913,1838,101,668,669
2010-07-11:2828,1931,2339,2687,2084,97,2527,1424,1264,1254,1653,2002,197,1958,2296,274
2010-07-12:1195,1049,1222,1961
2010-07-13:763,694,1947,239,1162,160,1613,145,2490,677,1114,1915,2002,2401,2548,2614
2010-07-14:2897,1227,2836,1371,1387,871,1617,1142,119,1952,1973,262,1664,939,483,2487,2859,634,1916,2607,425,1558,740
2010-07-15:1111,510,520,791,287,1933,611,1458,1594,1506,513,1812
2010-07-16:1498,1323,2892,1587,951,133,2520,1265,1799,936,2875,2261,426,2748,1452,307,234,1474,1277
2010-07-17:1700,239,2540,297,1039,2081,586,2490,1371,10,2208,1338,2478,485,865,1121,2712,1853,1559,2782
2010-07-18:198,1437,138,1796,2012,2154,268,2584,1664,676,2087,1,486,1271,1414,1021,601,2352,361,669
2010-07-19:2582,2085,2490,1531,677
2010-07-20:234,375,34,2177,2030,1323,1312,1253,2632,2453,2252,367,2607,1713,2413,78,878,79
2010-07-21:1523,975,600,2705,1233,1038,1268
2010-07-22:1638,1748,2267,2129,1157,2540,1105,1291,2113,1643,513,958,662,1112,2369,2579,2891,1233,1661,1942,1509,1333,2286,2807
2010-07-23:880,1805,467,148,1065,234,1462,894,835,909,701
2010-07-24:2511,613,701,2323,1275,538,413,551,680,944,1467,1618,2331,1197,2379,2231,642,910,1895,2276,337,1437
2010-07-25:2578,2711,1706,2465,1082,563,1691,1792,2365,2538,1264,2871,669,402,2010,1105,2116
2010-07-26:2027
2010-07-27:2093
2010-07-28:2050,53,2466,2829,2460,993,910,1213,149
2010-07-29:1689,1409,512,2159,2319,1198,1509,538,1086,2572
2010-07-30:2094,362,2671,560,2196,2211,325,871,2102,1272,2221,935
2010-07-31:375,2128,2272,2526,1897,2322,878,2370,2621
2010-08-01:2181,1288,20,2454,670,1613,1085,1485,2057,651,258,1682,2277,743,210,2126,1318,1967
2010-08-02:2540,2135,1874,83,1894,2083,1540,370,218,1163,1007,296
2010-08-03:1318,1055,2047,874,2488,2359,1517,1255,646,1188,884,70,914,1266,187,782,249,96,904,658,316
2010-08-04:2329,2352,115,2371,612,1575,2277,966,743,803,535,1678,1986,2579,258,1788
2010-08-05:160,2029,2346,1761,418,1198,1707,426,537,1553,1787,1856,1435,1495,1474,2003,2084,1016,2215,795,1046,985,1226
2010-08-06:1807,294,454,456,419,1700
2010-08-07:964,1454,1630,1907,2208
2010-08-08:270,1211,1438,1525,1477,731,1169,1269,1279,68
2010-08-09:501,8,1213,2333,1519,820,1629,2265,2352,1530,2093,2104
2010-08-10:1307,606
2010-08-11:1642,30,2252,311,385,989,1237,219,1422,1673,1868,299,507,551,420,2281
2010-08-12:2582,2508,2286,1185,1021,1813,786,908,470,2277,1700,1196,536
2010-08-13:2163,1564,376
2010-08-14:1794,2010,2022,2592,1879,475,358,1886,1195,1671
2010-08-15:2414,1586,2432,1892,1917,2423,1414
2010-08-16:38,473,31,2184
2010-08-17:1454,866,1714,163,93,327,1318,2207,989,497,2211,1901,513,480,555,232,1583,2212,2420
2010-08-18:2022,1325,788,1189,758,1137,1605,2586,2106,2018,491,2003,955
2010-08-19:868,1116,541,962,2466,1565,1229,1282,2478,510,227,412
2010-08-20:1271,2195,40,1346,1846,1540,512,1670,1746,2252,1219,614,1235,735,1110,35,753,25,1071
2010-08-21:2297
2010-08-22:2356,2160,2579,931,2381,157,2007,1711,559,595,886,2298,326,2034,677,2546,2438,25,976,736
2010-08-23:598,2181,341,1123,1295,1458,2327,2358,2055,2035,1159,1655,133,218,1730,1889,872,1850,2468,1491,795,970,433,898
2010-08-24:1301,2418,2354,2444,403,171,1197,1485,1985,1413,2532,2038,757,625,2301,732,1197,1835,917,1228,334,2522,2473
2010-08-25:218,92,168,2,1679,1927,174,1124,1745,2431,2548,400,2407,1267,376,1758
2010-08-26:332,1626
2010-08-27:1522,293,1387,1884,1493,909,1946
2010-08-28:1403,125,1834,1386,1122,700,2516,124,1604,2005,419,2161,833,109,2303
2010-08-29:2576,303,1684,1571,463,1743,271,309,1536,2125,2199,2592,956,641,830,538,393,2060,1969,1414,374,1306,2388
2010-08-30:712,40,1906,2014,749,2213,1803,1222,915,2140,2474,580,1991,740,1616,2087,2395,924,2155,1720
2010-08-31:490,762
2010-09-01:206,1674,2037,566,1003,986,490,1505,594,11,243,683,1352,337,1294
2010-09-02:968,1834,190,347,1964,183,953,937,563,1815,2,1187,969,1873,1883,2010,1755,1298
2010-09-03:202,410,1315
2010-09-04:1268,86,1788,696,1417,1243,1131,1162,1684,1504
2010-09-05:1700,1448
2010-09-06:448,558,1191,849,957,1347,1320,1466,1731,2047,1372,879,2071,1193,1933,1302,447,1271,1214,1535,1366,211,718
2010-09-07:784,1314,610,1865,1463,1193,692,1883,813,113,707,183,166,351,2049,1074,4,939,819,295
2010-09-08:1438,1361,1056,454,893,758,543,667,1745,878,669,1704,185,2090,171
2010-09-09:364,1930,1711,950,1489,309,188,620,483,1677,26,388,1712,1291,1678
2010-09-10:1318,951,806,194,506,1805,366,337,1491,470,1181,727,1975
2010-09-11:1661,126,1948,1109,940
2010-09-12:883,246,1557,717,1630,2113,1655,1489,895,616,101,31,1354,1006,2002,1095,1991,441,1394,1524,737
2010-09-13:1617,552,492,1617,1681,1798,658,941,526,1854,1048,497,243
2010-09-14:470,1289,526,569,1310
2010-09-15:1483,1670,1916,146,1888,1771,1615,1901,660,424,1743,1764,1419,1846,1454,497,569,35,1649,771,2107,449,1177
2010-09-16:1023,460,1375,866,1624,2066,761,1688,608,1035,1409,7,117,124,1405,1149,275,941
2010-09-17:1868,499,363,2091
2010-09-18:1123,247,1890,1474,1649,1426,1860,1943,1907,1904,597,88,253,19,390,180,1479,1023,1086
2010-09-19:2064,805,749,309,1797
2010-09-20:1566,57,403,1466,1748,1385,997,1513,2040,499,452,1875,1026,1042,1980,135,666,1598,1248,50
2010-09-21:1793,1038,388,1333,1204,1095,1687,2028,1698,601,223,461
2010-09-22:492,1381,195,1373,149,703,231,1038,2076,294,372
2010-09-23:1242,1146,79,79,1588,1103,1985,1221,1353,618
2010-09-24:623,1861,543,1659,718,2093,996,144,1279,1573,632,970
2010-09-25:1950,1939
2010-09-26:852,463
2010-09-27:605,921,943,449,883,320,703,371,1215,515,586,86,1777,638,412,1260,1261,1788,246,161,1718,2068
2010-09-28:1395,1991,1885,287,1717,1627,890,800,2026,1353,1040,560,520,1130,1361
2010-09-29:304,1155,343,1354,1284,368,1581,1264,1274,27,2073,2120,666,888,371,310,665,1769,8,1764,1611,479,601,1183
2010-09-30:769,1619,1867,309,1588,1967,1644,682,1666,241
2010-10-01:545,872,368,417,945,904,1097,839,735,337,1217,898,598,279,162,616
2010-10-02:60,373,244,424,880,984,1136,986,846,179,679,1376,946,850,1105,1493,1209,1044
2010-10-03:534,392,1159,12,1203,190,1494,576,756,467,669,667,131,1393,1099,995,433,781,1463,1358,1038,1320
2010-10-04:1106,1316,1097,312,1387
2010-10-05:397,610,1361,864,870,91,98,953,120,478,1173,221,1172,405,1395,56,78,534,1006,244,897,1260
2010-10-06:543,396,1184,56,854,1461,862,1069,943,862,1378,93,862,1311,1433,901,1077,589,785,757,935,1338
2010-10-07:439,973,975,786
2010-10-08:1459,334
2010-10-09:1003,1277,1025,706,1197,792,1208,275,973,72
2010-10-10:530,205,804,1276,444,1390,908,118,1423,201,107,351,1185
2010-10-11:1056,1218,1017,588,1246,879
2010-10-12:738,1075
2010-10-13:1476,468,113,903,1138,741,1124
2010-10-14:1218,191,980,317,26,1307,191,240,931,589,873,662,1203,1282,307,335,570,1232,196,278,342,1043,1300,248
2010-10-15:740,1426
2010-10-16:290,1392,701,462,320,696,1160,698,1324,106,623,91,1250
2010-10-17:584
2010-10-18:948,1415,1072,1498,765,220,1221,1386,241
2010-10-19:924,756,488,1004,958,600,481,80,1282,1107,886,65,208,15,1401,901,770,940,107,270,490,134,66
2010-10-20:647,1088,841,1410,1246,723,1446,566,1217,628,333,539,1493,1460,834,29,911,1018,726
2010-10-21:519,898,801,907,1182,821
2010-10-22:981,1400,971,568,411,777,214,1301,378,177
2010-10-23:1392,908,909,872,1158,133,387,308,918,1206
2010-10-24:665,1431,298,1238,970,1376,1243,401,700,1355,1349,629,653
2010-10-25:744
2010-10-26:353,430,27,1496,1191,599,866,1208,1086,767,521,717,1035,1499,447,1209,611
2010-10-27:431,238,843,412,935,1084,889,110,115,1463,1116,861,996,421,1344,744,141
2010-10-28:503,463,1439,70,1101,1428,1022,723,1335,845,1155,1104,178,1381,785,1077,203,579,857,454,1212,1363
2010-10-29:1336,961,361,403,98,161,1402,1204,231,298,1298,709,1306,693,1436,326,1092,1043,1212,1432,1095
2010-10-30:613
2010-10-31:138,592,1362,294,1387,846,287,451,194,381,801,585,1298,662,85,796,158,152,426,886,1327,599,324
2010-11-01:275,125,590,409
2010-11-02:737,394,16,543,456,288,409,598
2010-11-03:546,316,548,311,360,724,598,6,591
2010-11-04:391,34,600,748
2010-11-05:87,589,444,210,756,581,279,200,598,532,481,200,516,716,328,253,490,504,320,292,389,755,279
2010-11-06:60,239,91,372,673,174,5,281,147,255,598,387,481,51,601,562
2010-11-07:446,77,87,67,160,359,231,618,724,141,77,187,449,328
2010-11-08:397,354,462,721,335,153,272,215
2010-11-09:682,465,534
2010-11-10:545,433,439,479,233,220,197,657,44,646,637,398,155,130,73,133,654,435,518
2010-11-11:140,433,476,266,481,611,766,370
2010-11-12:284
2010-11-13:660,174,690,324
2010-11-14:657,6,755,174,180
2010-11-15:437
2010-11-16:420,575,516,109,247,654,133
2010-11-17:687,177,320,296,698,588,300,235,559
2010-11-18:496,634,702,678,26,50,315,753,601,34,430,723,97,32,166,635,279,442,215,607
2010-11-19:302,747,19,621,562,469,633,436,407,355,394
2010-11-20:370,143,166,243,604,27,479,368,695,262
2010-11-21:101,591,237,631,627,171,5
2010-11-22:215,615,621,454,771,647,479,317
2010-11-23:362,689,389,284,721,614,339,517,422,27,610,712,721
2010-11-24:624,728,61,378,214,457,203,245,54,503,756,285,54,336,101,541,385,533,476,683,637,288,657
2010-11-25:756,543,746,408,251,495,728,619,106,481,167,495,83,662,431,266,393,426,367,719,349,763,198,424
2010-11-26:436,177,157,150,286,650,392,401,637,230,723,293,79,82,497,614,55
2010-11-27:136,61,37,99
2010-11-28:160,521,685,166,706,87,769,195,356,546,1,567,561,465,133,585
2010-11-29:578,403,619,620,701,678,692,668,539,754,576,238,355,639,267,698,710,147,775,305,105,496,417
2010-11-30:622,640,713,541,163,232,567,339,617,538,384,590,528,594,438,706,367,686,763,409
2010-12-01:302,278,363,376,317,158,68,144,252,107,0,42,359,346,396,246,97,303,65,180,333
2010-12-02:182,120
2010-12-03:287,57,355,14,265
2010-12-04:53,196,208,316,293,42,218,246,309,279,383,37
2010-12-05:158,288,87,88,288
2010-12-06:254,385,201,247,97,192,91,45,331,1,317
2010-12-07:358,394,395,251,7,318,227,210,220,31,37,20,275,251,46,256,357,244,160,280,311,270
2010-12-08:38,27,58,234,186,67,372,410,51,185,374,182,411,125,400,142,132,78,70,401,205,313,233
2010-12-09:305,252
2010-12-10:210,291,103,56,97
2010-12-11:70,38,318,371,275,31,291,8,131,308,357,318,106,372
2010-12-12:359,315,177,75,198,181,381,378,356,378,41,129,186,259,86,253
2010-12-13:392,103,150,159,391,339,296,385,149
2010-12-14:333,328,281,178,99,140,3,255,6,334,410,247,112,189,33,233,403,25,112,8,63
2010-12-15:318,152,383,269,118,170,373,226,66,147,100,314,267,147,164,387
2010-12-16:183,31,194
2010-12-17:158,214,41,114,342
2010-12-18:12
2010-12-19:202,9,1,3,121,39,28,54,202,124,327,311,282
2010-12-20:304,400,338,138,142,295,41,189,23,68,223,75,312,77,399,293,41,160,117
2010-12-21:288,150,353,417,285,412,78,170,23,345,128,354,5,126,193,178,324,370,147,218
2010-12-22:231,169,225,75,68,167,13,118
2010-12-23:92,14,284,376,116,397,137
2010-12-24:262,331,246,287,48,377,278,55,75
2010-12-25:157,166,111,339,366,308,184
2010-12-26:323,188,176,278,332,271,71,386,263,289,54,249,361,34
2010-12-27:170,394,61,126,165,415,111,212,370,252
2010-12-28:391,16,293,291,155,343,143,45,240
2010-12-29:54,47,101,161,394,194,371,72,204,8
2010-12-30:175,83,206,9,291,203,343,302
2010-12-31:284,126,207,159,260,59
2011-01-01:189,224,705,190,297,753,411,721,14,445,1,36,628,74,298,538,202
<end step data>
<begin ^Me]l>
Ec  ;_c 
<end ^Me]l>
qO3 Z `\B
<j9 Q JY: l65PDz
qkvp_7EmJq[8 5 0 tle
B l M1CH?r?Q1 
<begin  FJsCr>
<ZEn@Pp7qB0pNVHVFm<oE
<end  FJsCr>
@o du <3Ix{k\sX]EYt
mIVHM=W0Udv _ZUNv  s
qTyrN
X@6:s]FW4[YKilcj
<begin  u@Y>
4 [Vt @@ 6hfD6K8k<
<end  u@Y>
7f2]4[83I=1^
hf9u`0{<r
1\=
<pfj
<begin <zqAu>
jzSs:qUC
<end <zqAu>
<V=lyjxUj d69x?H
5Uruu DSNO`z]L2VMV 
PgM iveg
<BB5jYI1H>[@\u{@MF@?H
<begin z 9@>
wj2fp[1R3
<end z 9@>
71Ih 89a LV vTRfM:V
lq]Dj<M:lQ 2o
 <sz3oBsZzFWfp22
<22BE<
<begin WL 9>
J\W_l3D
<end WL 9>
5:B
0d rIi_:`j4WfbEFxGbJ
ViK ;vE_:D_RU>4b:
<ff Os^V^QhIH7YHMW
<begin 0\OeU=>
iXGHJu ixFI6E8vq
<end 0\OeU=>
a^C=s0eyEia Lmg
Hp ra Uc`^^X]WP
<i4z]S7  5LIp
k5dXKL @
<begin Avq0^H>
Pp jSj>x90]
<end Avq0^H>
2k`nGwa2;`OfSv>N _  
Q_9GyE@
YZ]QnpwN
:o8hsldz]{Ck=
<begin lMXa>
;x R
<end lMXa>
 x1;\f8^n^XcFu`<xj
qXdOc 6 ;y
X7 ^b:Li
h \v?XaiPPG3 paBO
<begin oHOI0C>
E\ 
<end oHOI0C>
gGK
 sMhMNjA\ b C
 ?aA=gz a2y
OJDLOR:p L]Zfs
<begin 5Q6_Z>
V4z
<end 5Q6_Z>
\?A ^Im
W3g8NOR62 k ctxw P 
3y@s
<qcQC5tm@7td
<begin ;?P2v>
bf rU23 3 dU L `>
<end ;?P2v>
ww  {6kaZWd702ThimsA
HKu
S{6ef?q F
H0Y{ElsUphmi Lw
<begin ^r zS7>
kIW: Wdc;N;P9 Gvm b
<end ^r zS7>
o<eMQn?`
 tQBTJStYts7o
klHGbutyGtqFdn;i@OTi
`=bw5
<begin n Kt>
` H]YbZ nK>aEn j
<end n Kt>
U;{Xpv{^W0Pb=3C
ulaY@H e[P
pF^@Ma81R G1IXulKF
5?56[
<begin db]L>
1B[SKr nlKToR[ 
<end db]L>
XjFm n<4 8?9h6
X:g6NU241bn[8blkWJW
  W5A3Ro0yATw@Xu
3FSN 
<begin C:5j>
_bE  o@WAcL
<end C:5j>
PR^qu1FLm_ 5 4jS4>M
 >8bC?VX    JpsYsYkM
p2s4F 88L{4aiwTREX
xJn` k Ue   PrB?;PB{
<begin lpnztM>
ukH3l_Lz_T\C
<end lpnztM>
3_:11IN]Bu4s87 hXemE
 @ouIS f T^hKo[<A
 n `JuUd[ B n`
HEwB0
<begin `;W  D>
^6YA t=4d1SxBA0r
<end `;W  D>
en<u OQ>5^v=PzEhH
og[>]U4VE`SNLf xJ X
10C3F `d=L J
@N Ev9 0WvLc7ej  
<begin oSW5>
6KDLxUC ]smN 7vGPt
<end oSW5>
kV2D7Qzz9l
6[{
2VEY
jLR9TouNL8 =t11\
<begin y uSKg>
<w6 \hN Yr=]rvxoE7Sl
<end y uSKg>
pVNL BrZn;6=<M
A9f;jL8F`g:6Q3:>N\ 
7=K acow9jB:0OilpG
rV]
<begin a0w2p5>
9MnI
<end a0w2p5>
 az[ cm
o[3Q
E2MqRl 1
<P0M
