Ht
vpu_rvI
ZX^Vi(s_J
p!NXK
FN
*
&bx
fkxVxxU
 %SbGH

<begin person data>
Name:Liam
Weight:68.2
Age:27
<end person data>
sI&jaq lWM
rsHr
JO*)nJtbSW
J!EUGos(!
v*$UvNpB(
 M!LA^S
obL <
*AX+
SmR= 

<begin step data>
2019-02-01:42,5,-311,26,1,34,2
2019-02-02:31,0,Aw(qs,77,-349,2
2019-02-03:14,6,0,39,0,NB!_GZ,50
2019-02-04:2,1,99,8
2019-02-05:106,4
2019-02-06:4,1,0,0,0,1,3,6,0,1,0,93
2019-02-07:2,4,7,88,6
2019-02-08:1,13,1
2019-02-09:13,3,47,17,L)OD,9,-214,20
2019-03-01:24,1579,56,778,263,12,11,Awt#>F,1159,3
2019-03-02:539,755,2521,42,32,5,0,18,37,53
2019-03-03:2,2,8,-440,pGwPVWJszl,7,2688,3,22,21,103,859
2019-03-04:412,2479,0,)dqsVFf,288,0,1,26
2019-03-05:2356,67,693,67,44
2019-05-01:46,6,94,52,1,224,73,12,9,6
2019-05-02:tb,5,1,0,0,0,354,117,4
2019-05-03:1,1,0,75,0,297,0,129,0,lQ jHjA#x%,0
2019-05-04:46,32,33
2019-05-05:78,1,402,24
2019-05-06:42,8,30,40,51
2019-05-07:52,464
2019-05-08:5,304,18,45,41,103,6,%a)h sje*H,5
2019-05-09:17,33,106
2019-05-10:3,16,11,287,0,50,159,1
2019-05-11:46,2,156,222
2019-05-12:1,2,406,5,1,15
2019-05-13:1,207,9,-858,8,7,1,4,2,173
2019-05-14:6,6,508,6
2019-05-15:UiN)Fk,46,21,80,269,11,*!APEkP,7,0
2019-05-16:28,0,0,0,1,358,123
2019-05-17:28,39,6,11,3,409,-121,1,23,6
2019-05-18:0,9,517
2019-05-19:0,2,9,223,0,Gr,5,15,264,-235,1
2019-06-01:28,2419,21,12,13,1,0,27,40
2019-06-02:43,835,476,1120,152,69,18
2019-06-03:1,28,2348,59,249,57
2019-06-04:20,QSwbV ,1151,458
2019-06-05:2,2142,199,31,359,0,2,2
2019-06-06:494,-721,299,651,GZtQ,0,879,2,75,88,32,1,191
2019-06-07:356,129,1,0,1,24,10,2033,127,3,!bHGc,4,0,33
2019-06-08:9,87,5,224,1341,440,0,22,WxB%z#loNV,22,54,489,45
2019-06-09:0,10,13,1,-372,179,5,23,2,1884,120,1,5,-4,482,1,0,1
2019-06-10:32,834,5,1866,S$*eQd,0,-821,10,1
2019-06-11:707,1,1,101,1525
2019-06-12:121,250,742,1,1627,1,0,6
2019-06-13:28,2,72,1610,NpHpRUSnl,7,68,114,29
2019-06-14:13,9,3,132,74,1994,7,uGLgr,479,4,1
2019-07-01:5,4,220,-170,187,50,89,29,-835,0
2019-07-02:32,407,114,5
2019-07-03:10,8,104,TO,0,209,0,256,1
2019-07-04:94,0,19,7,468,-776,0
2019-07-05:0,71,154,1,5,30,1
2019-07-06:534,7,38,0,1,1,6
2019-07-07:9,500,22,1
2019-07-08:63,94,406
2019-07-09:21,2,0,1,3
2019-07-10:42,46,-183,52,2,39,23,1
2019-07-11:2,1,22,1,-725,38,-302,150,102,191,76
2019-07-12:37,21,45,87,62,37,9,3
2019-07-13:82,36,-742,73
2019-07-14:-749,0,0,-773,15,79,48,188,8,1,-479,2,1,247
2019-07-15:411
2019-07-16:103,0,10,-238,55,160,6,97,120,1,0,36
2019-07-17:59,243,78,BQEJyQSLQ,9
2019-08-01:24,0,3,0,74,420,24,90,-81,0,92,2
2019-08-02:263,388,23,23
2019-08-03:3,129,576,1,6,6,Zr_ZL,2
2019-08-04:1,0,682,2
2019-08-05:KLg$(ylr,0,1,199
2019-08-06:PUGEq,2,384,-5,0,0,4,7,333,0,0,0,0
2019-08-07:34,92
2019-08-08:228,113,3,12,-169,1,232,1,8,20
2019-08-09:41,237,156,4,vyCq/,213,V,54,1,2,1
2019-08-10:11,2,4,476,6,33
2019-09-01:0,1,0,0,4,27,0,0,1,1,26,88,0,0
2019-09-02:8,9,8,2,1,25,ELL+nclGd,9,19,3
2019-09-03:>)oPN@qZ,9,12,<k^HpnWLv,11,1,8,20,45,31,3
2019-09-04:32,12,1,1,11,-395,51,14,2,15
2019-09-05:1,1,0,73,66,2
2019-09-06:0,0,55,59,0,6,1,28,0
2019-09-07:-873,99,18,2,3,1,0,0
2019-09-08:15,11,111,7,3
2019-09-09:21,AmY%hgZes,39,78
2019-09-10:0,0,1,0,8,7,pwvHC(zR C,0,74
2019-09-11:135,3,5
2019-09-12:-611,18,28,0,2,15
2019-09-13:7,5,11,20,0,1,1,0,EQWmDR<@(,33,50,1,7,9
2019-09-14:3,5,0,Skd!km&=,2,25,83,1,0
2019-09-15:2,3,22,86,20,0,0,1
2019-09-16:28,2,5,75,11,4,19
2019-09-17:95,Ewg+tSMvJ,2,25,5,0,6,4
2019-09-18:110,22,9
2019-09-19:1,1,2,9,0,28
2019-09-20:1,11,30,3,3,99
2019-09-21:134,14,0
2019-09-22:2,79,5,1
2019-09-23:2,1,0,0
2019-09-24:21,Qi /v(ij,54,34
2019-09-25:12,Ax !y%,40,0,17,2,8
2019-09-26:-315,37,4,46
2019-09-27:57,2,33,&Yna>b,0,21
2019-10-01:0,13,6,6,-585,4,68,8,1,1
2019-10-02:0,28,12,6,12,4,44
2019-10-03:3,10,2,38,1
2019-10-04:1,w*bLLKK,1,0,2,64,3,0,32,3
2019-10-05:0,0,21,83,2,0
2019-10-06:39,38,6,20
2019-10-07:0,34,42,24,6
2019-10-08:2,0,7,50,2,11
2019-10-09:2,0,0,2,40
2019-10-10:8,4,-185,22,0,0,-286,1,0,0,-527,68,1
2019-10-11:46,11,14,8,21,3
2019-10-12:3,Zk?efu,31,16,6,25,0
2019-10-13:92
2019-10-14:3,1,6,29,4,3,4
2019-10-15:-495,7,11,40,CWs^Xu,7,20
2019-10-16:12
2019-10-17:3,23,0,16,36,28
2019-10-18:3,2,58
2019-10-19:5,1,49,(,1
2019-11-01:1,-171,5,17,1110,5,540,1,4,346
2019-11-02:1660,O=hB&s,173,186,9
2019-11-03:ld(!m/R%=O,3,1384,8,236,t,268,1,3,32,89,2
2019-11-04:vza,566,33,1175,$oB,253
2019-11-05:177,310,2,1,58,3,1467,9
2019-11-06:813,73,1116,17,8
2019-11-07:1,579,1135,6,bIWf+,125,#,69,11,3,16
2019-11-08:4,596,422,-365,545,0,396,-884,2,59
2019-11-09:2,104,5,0,113
2019-11-10:13,15,727,576,95,423,118,2,13
2019-11-11:26,669,1,3,1326
2019-11-12:80,5,3,1726,0,2,1,13
2019-11-13:1387,h$/,31,477,$KOlM<SNlZ,34,0,63,34,2
2019-11-14:647,102,0,1113,1,33
2019-11-15:2,1,10,103,38,412,f,1360,1,-649,0,69,3,0,-670,1
2019-12-01:0,2,214,44,252,131,90
2019-12-02:1,2,401,78
2019-12-03:155,39,57
2019-12-04:428,5,11,274
<end step data>
%cf
Jsgx%%w_hu
%(
)w$!$sZv
yqQBe
T<
IlSFZpS+U
b$/
mYjSEaHCpv
%*!/DXVi
