<begin <Ww2q>
J;:]p1] <imTdA0TAu
<end <Ww2q>
JOyi? KN];FE ;nvVj;
9qqU27Gf1xN7 v GJ
F] aleTax7] h5 k
B>f@a hN@Hco]Qr
<begin 9P 3>
9]2LAxuMNtITK
<end 9P 3>
vsuD @hv>MCNMuQ
<zd{tWUOr4uB2e
y    ^H ihM WS {xv1z
Ld3XiRS7ZU6F8{Pj
<begin d:t 3>
 A >ee{EWc 4n;D
<end d:t 3>
ANAMSxg:
D1E 
[o[U4keHf{L  <Ff1a
D<s9S
<begin MQxTb>
G@{
<end MQxTb>
`_7rFFRtvx3?B
qCza; eqF<6
\UPI \_^x<[<
ZmRzz7_ZSk
<begin b=pL>
1 o
<end b=pL>
@LD_  {dHe
 H=E5LY1;r?bAj`p
ZrtJ wU1L4
VS_U0aju@k6x={
<begin F A@P>
j6^ aUZ  LHBSz^:pu?
<end F A@P>
OGKKU?J_gZN W`q1 
OW{: XgBO
CyF?1\::td;g
6kl b@  `] :_
<begin 7k^5 >
qdZ`P3ft[_v; f
<end 7k^5 >
Egcf\V0CGD@@ofA=3C
oX { :TjkP9peAF
<begin person data>
Name:Goldarina
Weight:109
Age:91
<end person data>
<begin TT E>
qjVM5JL[N
<end TT E>
IJ Re
L toc :Nm3`
D^BvFri44 
Unk9Qs<W k
<begin :MpXC>
wxC S2G_F[uz4xh8
<end :MpXC>
BAKyy0
< @3=pRQ \ =72
A P ztCqmFPA
LOg0Dh i r@5PhwD;6z
<begin VFsrU>
rElp5g5x=3b
<end VFsrU>
6WQZY
vXh 
<ypGb
<J2AS P7DEQwK[
<begin IXYto@>
Ij<e`LpzpagH
<end IXYto@>
 ZPc7m@w3j5Z  @d 
yuxY>xkqR`eEhu9P
ps3 O?< zhwIX4k
e cC@ {E 2?Gc
<begin u jI>
]dbMYs
<end u jI>
fQ j<TL[
vXE`ANs Q <uD@Q?r5
 8_zZs?lDWIFMh
e  D99?zxgj
<begin {QF{>
;EjP6 R
<end {QF{>
HXDOMn x[fL_?
<s6HcL`H
PzP> 7
>:Q6sLBc:YG bR A
<begin 5q7P\>
< IKjK 
<end 5q7P\>
KQz{ ud RM 
JlrsFHu C4G`O
<MA B 
i^1]c9ri \v0 mT;PuG;
<begin WRVn4>
igciq:Kh?Z{fvY`kH_
<end WRVn4>
bzvB Y^ Z8J5QQFTF
z8E^bT
<begin step data>
2001-01-01:427,552,415,620,472,304,414,431,440,312,121,74.,103,350,634,438,485,385,714,203,13,619,310,687
2001-01-02:508,721,28,339,602,312,594,655,481,440,554,72,267,202,677,499,775,667,753,169,719,71g,516,484
2001-01-03:469,99,346
2001-01-04:107,355,376,478,119,B534,696,617,13
2001-01-05:156
2001-01-06:482,598
2001-01-07:560,628,16,200,298,353,148,591,582,59,643
2001-01-08:651,655,50,551,471,599,589,741,68,237,281,130,457,458
2001-01-09:112,351,225,152,55,570?,669,671,369,G66Y2,376,508,677,614,163,745,275,398,566,86,255,459,32
2001-01-10:254,774,299,257,480,548,519,303,286,180
2001-01-11:249,528,428,269,563,651,78,655,685,394,510,614
2001-01-12:266,435,454,712,487,294,115,162,149,133,227,576,319,155,287,402,566,716,729,554,122,85,345,262
2001-01-13:223,76,5,581,203,694,222,732,757,578,156,180
2001-01-14:694,413,281,168,695,20,671,146,559,357,449,425,18,71,206,204,63,495,400,97,107,352,119,438
2001-01-15:648,277,641,3,597,194,33
2001-01-16:666,229,544,156,690
2001-01-17:103,4,635,539,178
2001-01-18:152
2001-01-19:521, 440,126
2001-01-20:446,239,766,568,663,113,520,299,273,675,467,16,323,54,572,149,674,405,770,588,259
2001-01-21:432,523,246,0,552,238,658
2001-01-22:130,386,404,443,34,352,13,534,131,349,244,451,761,684,510,126,14,525,90,596,116,636,378,747
2001-01-23:692,517,136,205,181,437,466,336,767
2001-01-24:203,673,233,607,146,243,215,603,707,747,265,454,697,156,300,627_,61
2001-01-25:239,296,594,647,761,718
2001-01-26:300,97,z581,254,294,494,52,305,29,524,422,69,15,678,648,667,188,406,765,273
2001-01-27:447,694,710,692
2001-01-28:640,576,26,392,313,769,621,716,568,251,280,236,728
2001-01-29:684,641,522,27,546,659,525,543,307^,492,477,426,693,776,573,602,454,398,568
2001-01-30:657,414,152,687,687,224,417,701,57,371,260,124,398,99,489,392
2001-01-31:184,594,208
2001-02-01:1423,917,1172,37,1392,509,933,375,32,1221
2001-02-02:1189,427,86,855,791,647,39!8
2001-02-03:529,127,488,1489,873,1148,19,1217
2001-02-04:918,1198,954,678,100
2001-02-05:336,750,1233,797,689,266,113,534,-1121,25,484,572,1243,612,1388,219,609,53,667,180,1499,1472
2001-02-06:768,954,353,228,1080,1370,191,1112,1007,702,662,1258,594,869,1437,1041,205,364,334,967,635
2001-02-07:1457,1124,171,1093,442,779,555,6_67,525,1071,711,1351,126,1294,468,892,1360
2001-02-08:403,1222
2001-02-09:1376,975,270,680,132,15,1414,681,511,1146,554,538,76,460,245
2001-02-10:920,372,244,1472,1442,1377,42,1184,894,147,1287,805,191,216,67,1153,431,429
2001-02-11:108,413,844,1188,314,1259,242,1143,697,674,1207,1410
2001-02-12:458,1160,383,1115,1147,124,354,1385,14784,100,967,678,590
2001-02-13:775,800,958,778,1487,109,1394,362,96,412,172,1173w,1394
2001-02-14:1171,124,1096,121,187
2001-02-15:192,741
2001-02-16:1468,413,499,1495,28,1145,681,1356,705,801,888,1311,975,659,140,1239,1220R,382
2001-02-17:803,158,971,637,814,523,1105,974,817,28,553,85,639,1293,859,920,1110,844,617
2001-02-18:522,372,421
2001-02-19:713,236,582,643,1169,438,336,1331,1438,111,-886,665,925,963,494,379
2001-02-20:643,128,5,445,957,364,1080,1016,725,529,715,1322,1047,966
2001-02-21:756,83,440,357,240,629,691,715,999,118,617,271,478,241,1308,1030,464,764,513,1238,858,806,369
2001-02-22:648,1117,1050,630,1219,m5138,1387,519,1124,368,1462,497,888,487,463,1241,369,1481,395,1488
2001-02-23:564,916,1428,809,228,80,1498
2001-02-24:1213,426,623,609,161,851,858
2001-02-25:597,500,810,342,1381,927
2001-02-26:1124,820,246,88,3980,1317,695,1248,530,564,626
2001-02-27:1300,826,736,168,928,1091,1458,775
2001-02-28:121,1394,1375,225,297,378,674,219,344,376,693,756,21,1106,1245,524
2001-03-01:2015
2001-03-02:311,1250,206,207,1213,277,1489,1090
2001-03-03:1717,56,922,1156,1081,679,1532,720,1122,1999,1686,246,1010,897,1096,1772,999,1028
2001-03-04:975,115,975,659,1689
2001-03-05:211,1064,1926,128
2001-03-06:797,1859,1499,1738,579,1914,309,2047,1542,98,807,1391,1522
2001-03-07:1359,40
2001-03-08:1257,1737,524,571,F132A2,1721,1467,1706,864,495,659,644,1370,1839,128
2001-03-09:912,243,494,1982,979,1909,1213,347,1381,455,354,1319m,1209,1704,1848,24,26,753,442,)139h1,1875,1059,906,1909
2001-03-10:337,1842,1840,1941,1297,351,1787,262,1250
2001-03-11:1045,82,672,8,1190,1197,911,1427,618,1390,1388,2076,270,1385,1844,657
2001-03-12:1089,118,834,1006
2001-03-13:769,1864,703,1844,1221,527,367,188,1519,1613,1125,1243,4735,847,1699,254,1734
2001-03-14:s68,1408,107,1206
2001-03-15:264,1062,1996,1776,695,391,1962,1871,1243,562,188,651,393,1023,1151,1523,1165,1736,142,673,1460,154
2001-03-16:593
2001-03-17:1444,1265,1226,924,1118,1730,469,2118,219,423,1097,34,777,1973,1969,1395,225,1979
2001-03-18:651,2090,2064,1534,320,895,859,821,693,1667,255,189,1945,2091,1571,207,996
2001-03-19:569,975,294,817,922,707,1326,1786,531,275,1136,1021,1310,532,1696,320,1783,1972,731,955,1950
2001-03-20:1940,1535,69,1769,1518,1865,1861,1103,799
2001-03-21:656
2001-03-22:825,57,960,1853
2001-03-23:731,269,1717,267,306,608,863,62
2001-03-24:62,1386,120,660,787,140,587,291,1180,190,1683
2001-03-25:891,2092,1648,1613,865,1506,876,596,550,1729,1187,357,434,365,691,624,342
2001-03-26:1755,2000,129,1084,1599,1833
2001-03-27:1601,825
2001-03-28:838,308,1780,1024,1114,1052,352,1520,62,1928
2001-03-29:984,2033,428,300,1430
2001-03-30:1258,1008,1860,665,737,1575,1644,709,345,1631,1049,1506,1532,495,729,700
2001-03-31:929,262,1571,33,98,517,1221,166,1718,1551,1097,1164,1710,533
2001-04-01:2327,2027,1979,99,192',2467,1118,2356,1667,2485,701,155,1638,1667,2149,1304,1132
2001-04-02:299
2001-04-03:2485,123,2538,2085,722,84,182,2165
2001-04-04:2324,1471,1874,99,944,2347,1275,1222,745,101,1308,736,1739,713,2288,2252I
2001-04-05:1935,1001,1326,2161
2001-04-06:1310,1566,1277,1533
2001-04-07:1724,1991,2514,527,1902,1841,461
2001-04-08:2480,364,298,2515,1662,1146,392,1487,2464,2122
2001-04-09:1920,2508,950,730,825,90,673,1256,607,530,1231
2001-04-10:19,97&8,697,2385,2462,667,2296
2001-04-11:1710,898,2474,545,1610,716,813,663,2377,1594
2001-04-12:1024,824,41K3,1877,2528,2598,780,2472,1732,2430,963,2050,36,99,2574,2373,2410
2001-04-13:570,1952,976,976,1910,1155,2553,1907,2046
2001-04-14:2368,2245,568,177l6,849,1060,2308,1742,1946,2581,1624,1162,1811,380,112
2001-04-15:381,1266,905,1645,401,2290,1799,905,1024,1226,1346,556,2361,1512
2001-04-16:852,2034,1740,9--06,1121,2449,511,319,810,482,2546,746,2041,2033,108,1182,1920,1485,2441
2001-04-17:2320,738,617,2384,1397,2589,1797,1987,2112,1531,1712,303,83,908,252,2228
2001-04-18:2484,139,1247,1852,1269,1798,1300,1617,566,703,1174,1977
2001-04-19:2049,249,2396,1159,575,2499,1952,1170,1389,1207,2259,2317,255,2550,1649,1350j
2001-04-20:1806
2001-04-21:1069,930
2001-04-22:603,1316,1957,355,1223,398,2075,2395,585,1495,1904,1583,1389,2301,382
2001-04-23:471,367,2237,2419,858,1143,1933,57,2054,2120,2023,465,304
2001-04-24:1032,2307,543,1300,1678,1667,2127,2113,2441,2121,1389,810,627,2509,-1072,2165
2001-04-25:1825,1625,1230,950,1461,116,2216
2001-04-26:1916,692,725,2045,614,426,1438,1647,1757,2003,1193,1889
2001-04-27:596,2261,2108,1862,817,391,2457,1422,2188,670,2559
2001-04-28:229,152,305,1144,937,112,1118,1299,2244,719,2108,1202,1564,2447,1702,1864,2041,897,957
2001-04-29:2564,239,1671,1034,2378,1338,2193,1616,1014,303,1061,237,413,1784,2042,2505,2563
2001-04-30:247,2474,1460,2397,1170,451,2149,1436,1122,1982,20,1144,271,623,567,1883,1679,1449,439,1092,2008,1442,382,1511{
2001-05-01:2159,420,2670
2001-05-02:342,920,367,528,2236,701,1789,1320,2157,1877,311,2192,1176,556
2001-05-03:1055,1536,1971,445,903,255,1036,2719,2678,2346,1247,1589,911,2043,1160
2001-05-04:632,1661,1073,2762,137,2280,1024,1533,653,2316,284,1256,1524,2709,2868,2765,132,1786,33,2045,998,2219,1261,1938
2001-05-05:2790,610,1243,1647,1874,1622,2753,2867,1529,2080,1222,2498,586,1895,944,1662,2603,1978,1078,571,2536,1721,2428,2547
2001-05-06:822,2181,1522,1530,1836,2709,85,964,2698,2029,59,248
2001-05-07:1548,x27B73,1696,1587,1082,1756,654,1530,2243,882,1053,843,1978,2781,2225,1588--,2778,1978
2001-05-08:485,420,1198,1482,2397
2001-05-09:1749
2001-05-10:1014,200,1271,2209,195
2001-05-11:2782,1235,490,440,366,1605,1700,2129,1165,2270,1950,726
2001-05-12:2026,2142,2154,2084,2178,1844,2852,830,1084,1045,2838,496,1461,325,2213,815,2810,291,828,1338,855,1704
2001-05-13:861,811,1304,1101,237,1271,1047,1827,2695,30,1340,291,1792,1719,347,2625,2571,2625,1360,1509,2101,1250,2367,1068
2001-05-14:1971,826,818,1574,587,1906,859,1008,2535,2890,209,1535,332,715
2001-05-15:1284,293,1488,987,1826,619,1929,76,1539
2001-05-16:11,767,1474,171,2551,2572,2367,344,2897,159,1551,27/98,2894,205,1827,232,1045,2774,224,776
2001-05-17:407,1969,1349,2287,2667,1434,1353,2665,1227G,1353,2714,1216,2784,2306,491,2250,2385,750,1713,724
2001-05-18:1161
2001-05-19:2845,2777,2156,1549,1267,655,20,2807,896,2578
2001-05-20:105,365,2239,413,1812,930,2695,56,2734,1024,1674,411,1973,1900,317,2755
2001-05-21:670,2104,2323,1460,2061,1666,1166,1112,2425,1853,2377,881,1712,1695,2036,1663,1681,2420,1903,986,1811,666
2001-05-22:2593,2197,1907,1798,547,2352,2190,2154,1667q,2159,1330,2637,1564,2134,12,202,1689
2001-05-23:992,1695,1007,951,2411,2346,9,2769,1039,2050
2001-05-24:1423,2180,800,1615,2441,1737,798,2437,1367,1143,1579,2720,1166,738,1819,624,1867,4o88,1555,1031,1960,476
2001-05-25:2605,1318,2843,1281,2085,2450,495
2001-05-26:2501,1693,2123,429,1287,2097,1440,1254,2497,1985,2112,2591
2001-05-27:281,1493,1605,809,45,909,2227,2627>,1937,2045,750,2234,575,2549
2001-05-28:1905,500,1371,765,2097,2250,2412,63,1933,1248,2483,1715,320,2529,720,1349,438,2660,529
2001-05-29:382,1824,1735,496,2063,2758,836,1485,830,1615,1647,1541,2329,643m,1447,1395,1041,1953
2001-05-30:981,935,2444,1132,779,2663,2339,2770,1674,1152,2712,2792,1275
2001-05-31:927,744,2623,150,2251,7,1055,2176,1887,565,1932
2001-06-01:2860,1473,1547,341
2001-06-02:1846,2539,937,1253,2987,2911,1243,2843,2455,1453,1037,2964
2001-06-03:74,747,198,1094,1830,2956,200,1114,2504,1324,2567,290
2001-06-04:2762,813,2114,1051,1077,181,1428,1502,55;,399,1336
2001-06-05:604,2265,427,1989,712,2206,100,2533,2489,444,410,2546
2001-06-06:2054,1653,1214,1789,969,1693,2519,2008,1513
2001-06-07:2006,2208,2975,2001,288,2749,66,1322,1h82T0,2468,1259,2670,4,649,1963,2589,975,1873,2228,2512,1985,2189
2001-06-08:88,2592,258,466,2532,1826,509
2001-06-09:2046,1087,1065,983,112,1925,168,2819,2893,2832
2001-06-10:1408,2601,2129,2627,2823,2765,1618,1649,2861,2378,2810,1931
2001-06-11:83,767,1528,843
2001-06-12:247,2536,2897,1650,135,2659,2360,2668,2370,1055,1931,1707,1910,2936,2767,1560,441,2846,1267;,1595,984
2001-06-13:60,1507
2001-06-14:1354,195,2957,171,2116,1130,778,180,548
2001-06-15:1382,474,561,444,649,1510,1530,1289,742,1593
2001-06-16:1573,2382,810,176
2001-06-17:1169,1577,353,2358,1408,1747,1730,2036,1831,830,5,2497,477,984,701,103,1978,438,1376,880,3188,1874,1178
2001-06-18:352,1739,2221,2460,2571,1355,1738,2427,2333,425,2614,2274,1127,2611,365,240,2382,2180,2997,1099,2787,838,158,1652
2001-06-19:1099,804,1975,19,1915,1755,275,2625,2419,1750,827,523,2400,383,2551,1338,2859,1987,2899,250,644
2001-06-20:172,309,1231,199,2231,2179,2904,674,216,1927,1640,596,838
2001-06-21:1159,2215,984,869,1907,2499,2110
2001-06-22:1861,2760,432,1315,2713,172
2001-06-23:263,2802,166,2720,863,1001,798
2001-06-24:1730,658,2186,821,1952,2526,333,378,1694,2586
2001-06-25:807,2430,2072,419,1360,1505
2001-06-26:2571,1034,643,2408,505,2186,139
2001-06-27:2268,971,706,2137,1821,1743,2562,621,1981,2748,2830,324G,2595,1643,988,94
2001-06-28:1979,331,1270,1152,1448,2573,2921,1997,2680,569,1538,2661,756,1006,678,2917,1271,2593,2722,2689,1007
2001-06-29:585,2812,999,1944,983,1554,890
2001-06-30:1697,1738,1655,2526,2067,2520,1374,595,1515,2430,1814,1187,2784
2001-07-01:2027,2249,256,2317,1406,1419,396,2503,13,1434,2443
2001-07-02:1817,818,1341,804,1856,2036,131,421,1628,577,2210,1187,2278,1394,586,2461,1206,2241,1785,1231,1075,94,2497
2001-07-03:620,796,128,2672,347,123
2001-07-04:2602,1073,2084,2090,573,209,199,126,1961,1474,2788,2003,1135,311,2006,340 ,2535,1890,1639
2001-07-05:2758,1055,753,1393
2001-07-06:2425,2493,2246,2437,1760,335,662,2637,2848,1103,1278,890,733,145,1342,2338,525,1745,1066
2001-07-07:620,1186,1772,1076,1135,2324,1060,1458,2835,2045,2380,784,2528,474,1795,136,1862,227,920,2417,491,1529
2001-07-08:1481,2063,2478,1476,1113,2011,2618,291,2487,35,1365,1973,1559,481,568,2307,597,526,123,73,1855
2001-07-09:2197,908,564,192,1780,1718,2306,1056
2001-07-10:2524,1593,1376,1726`,2701,1464,1722
2001-07-11:1150,2205,523,911,1146,2165,353,2763,2360,187,1418,2491,190,1M803
2001-07-12:1535,2414,1027,2058,1532,517,1462,549,818,1048,1606,1N934,1631,-171,2453,225,1972,2195,141,384,1092,1002,1186
2001-07-13:851,96,341,2672,2473,2460,1660,2665,1916,1524,1399,1500
2001-07-14:90,478,175,2475,2481,1747,1212,2127,1807,438,1247,2237,969,289,898,2449,43,2896,1427,340,1230
2001-07-15:139,2810,2865,1850,2307,1842
2001-07-16:1499,126,1028,129,1871,1791,324,1972,1005,1802,569,204,465,2097,1808,500,2073,2009,2I74W4,1820,2438,882,1350,2636
2001-07-17:81,2458,1476,1913,879,1881,1991,1563,2479,1040,2587,671,2507,1765,292,2115,1189,793,694,49,2669,998,12,1743
2001-07-18:1264,487,2125,1897,U1797,1586,704,48,378
2001-07-19:854,231,2664,1406,880,1214,2358,1615,2235,2324,896,2677,897,135,1#760
2001-07-20:1327,804,-1389,1607,230,1104,2607,468,1008,1387,899,2202,51
2001-07-21:2609,2735,2046,1276
2001-07-22:2584,1813,1480,1750,109,971,2534,1276,45,46,342,1727,983,836,1587,1368,1062,2523,1239,258
2001-07-23:1733,761,1704,94,317,2051,793,2191,622,627,935,2728
2001-07-24:806,1454,2352,2783,2186,2786,1433,387,1040,1170,1164,2779,167,1063,1211,2834,1674,2173,2007
2001-07-25:194,963,1971,1708,1311,872,1548,2239,1655,1945,2453,786,2812,896,2435,2194,1794,1072,113
2001-07-26:2860,2469,1708,1218,2552,1300
2001-07-27:1814,219,2788,123,651,1117,1424,1555,1254,2631,1700,290,2095,1100,254^,808,2468M,2421,2457,306,1892,2252
2001-07-28:2226,381,622,901,2644,2370,2624,396,2630,774,1162,1848,2317,2186,1958,2060,2346,78,745,1946
2001-07-29:863,1762,171,2662,611,879,2716,1895,1724,849,2718,2077,1533
2001-07-30:968,1385,2217,2327,1893,319,1944,455
2001-07-31:74,228,987,1326,1612,452,931,2554,2054,470,2598,1683,1953,1852,955,366,374,319,112
2001-08-01:2356,68,915,933,1340,1203,2251,446,1822,1276,914,2008,160,531,375,562,2178,878,1758,1428,420,2482,523,2566
2001-08-02:1958,444,2508
2001-08-03:1715,35,648,170,515,1048,1694,507,2281,329,676,1564,691,2405,2271,2229,243,1781,2193
2001-08-04:1008,601,2302,2454,200{6,1633,263,1494,2455,1354,1610,730,1461,2504,1476,1636,1079,1293,1532,970,1167,766,505,2465
2001-08-05:252,1968,2529,177,2194,1034,461,1274,5-,33,404,2502,1346,1490,1816,548,293,906,562,1246,1297,1856
2001-08-06:547,1777,1535,2151,1294,1028,X184%9,2494,2426,1475,859
2001-08-07:873,1454,1570,636,1428,2535,2579,2136,1117,2306,1073,1193,2361,222,2080,1123V,63
2001-08-08:2417,1334,252,1021,1650
2001-08-09:1693,1931,846,1859,168,2312,804,853,659,721,1972,1531,71,1597,1454,12
2001-08-10:1001,1551,2234,1089,2155,1581,337,1094,730,44,775,1426,371,1773,53,858,2501,2489,1757,64
2001-08-11:1073,626,2398,1924,1281,1598,2096,1891,59,594,2020,1669,1921,1597,555,101,1686,75,293,2510,308
2001-08-12:645,2179,77,491,315,60,47
2001-08-13:1885,1706,2524,62,1480,1881,146,2594,2474,657,166,1203,135,563,1873
2001-08-14:1029,686,2349,985,k277,2064,622,2115,462,2346,286,2254,312,834
2001-08-15:842,272,1370,241,374,232,2241,1875,462,814,2,2303,1564,855,811,519,2191,344,299,1591,1073,76,1667,1756
2001-08-16:204,1572,753,800,49,245,153,509,95,2146,1984,93w0
2001-08-17:2266,1800,2118,1451,1635,1455,1097,1728,2274
2001-08-18:1076,866[,723,2301,1191,1082,200,299,1265,1706,2510,1245,493,993,2266,956
2001-08-19:1756,1581,15,1864,1766,1529,2056,54,1028,404,2206,355,2545,396,1765,2187,1537,1250,1000
2001-08-20:1087,2431,2583,471,808,2381,1014,1358,1246,444,1510,1908,2133,1403,1879,295,511,2144,1083
2001-08-21:1564,1551,2113,2248,467,2376,371i,1141,583,1290,743,1261,827,353,1462,1353,6
2001-08-22:2478,2261,2124,2385,542,2170,639,2358,1608,699,1465,194,1284,2262,1565,2528,903,1610,758
2001-08-23:1525,762,2243,1898,1065,2397,1854,2515,207,853
2001-08-24:1733,507,1143,172,1909,90,1551,1965,1751,2208,41k,96,1847,2114,1978,78
2001-08-25:681,1406,115,188,2456,1607,203,650,1110
2001-08-26:352,1586,561,1639,1038
2001-08-27:156,37,614,1431,586
2001-08-28:2255,1685,169,1583,2008,2454,1115,1137,514,846,2424#,1936,1767,1892,1203,355D,232,1460
2001-08-29:495
2001-08-30:2024,1015,2242,2380,1809,353,1761
2001-08-31:290
2001-09-01:1899,2,922,688,963,2119,222,80,798,788,643,1980,436E,852,794,1552,1009
2001-09-02:630,13,1524,2114,1730,1188,801,705
2001-09-03:329,310,1224,137,39,335,753,1992,504,1155
2001-09-04:852,1274,738,98,2023,1805,2023,96,1302,1701,1606,58,1195,323,388,936,45,132,418,1479,1359,622,108
2001-09-05:399
2001-09-06:1782,199,1027,185,1385,1460
2001-09-07:122,2001,1702,1511,346,1756,1132,936,1891,1261,30,1522,595,1361,(1767,918,1383,1052,533,330
2001-09-08:1793,1895,187,1516,376,1385,2057,2052,447,1693,1542,1134
2001-09-09:1389,1689,217,1819,497,179,1396,1892,576,1514,195,835,1393,1033,1568,1398,1584,G1947,1047
2001-09-10:1786,1170,1472,843,1228,1297,1964,535,1408
2001-09-11:2096,561,1369,446,1672,927,1434,2080
2001-09-12:847,1578,1907,19,1767,195,618,1730,374,860,651,2027,1560,1909,1216,443,1289,1342,144,1920,1362,229,1965
2001-09-13:1646,1328
2001-09-14:187,458,1684
2001-09-15:241,1538,533,643,1639
2001-09-16:236,596,1813,420
2001-09-17:1752,305,1696,1792,852,422,1244,615,627,892,1256
2001-09-18:1226,473
2001-09-19:620,769,473,1010,1443,1725,2070,103,945,397
2001-09-20:2036
2001-09-21:388,652,1511,251
2001-09-22:23,1419,236,965,373,185,1810,222,1322,848,1115,1709,929,1096,1996,1982,2011,1933
2001-09-23:1641,1202,1823,1483,1476,164,1569,656,1772,547,615,457,1158,928,1553,1937,1804
2001-09-24:161,761,604,406,1340,324
2001-09-25:2093
2001-09-26:377,572,1416,774,154,977,1130,624,1260,2012,799,161,1686
2001-09-27:1210,1801,2056,1732,152,1907,263,810,605,1582,1153,1182,797,417,1706,1706,344,15,1400,830,1721v,2111
2001-09-28:1139,1340,1350,96,400,583,651,697,881,948,975,461,983,1893
2001-09-29:580,1670,1136,1429,1405,36,1731,212,1054,337,2081,528,816,1709,960,786,24,366,106
2001-09-30:538
2001-10-01:1270,1159,16,209,1396,1153
2001-10-02:32,970,1093,488,1352,259
2001-10-03:959,1469,662,1485,1075,188,455,488,460,167,930,969,537
2001-10-04:1332,888,1219,405,1083,870,81,207,1320,1182,928,164,387
2001-10-05:451,1427
2001-10-06:1129,1052,500,1366,432,198
2001-10-07:1414,230,463,1383,218,1203
2001-10-08:720,1498,1416,205,510,403,119,1328,173,1208,451,333,423,1370,328,1400,1195,53L8,852,1058,1123
2001-10-09:338,693,527,1186,439,1190,715,1032,809,1076,622,929,1455,865,194,354,457,818,1453,313,788,1347
2001-10-10:380,1318,188,783,667,46,1370,309,1157
2001-10-11:843,922,69,1025,1276,1453,518,1034,831,1249,70,80,816,1031,805,655,541,220,901
2001-10-12:536,1141,909,945,1485,678,1427,370,1341,808,194,42,644,1286,1142,937
2001-10-13:1464,1451,242,1438,960,142,442,312,1025,852,995,619,206,711,245,454
2001-10-14:646,1031,1154,1002,1449,18,1211,492,938,638,1316,359,34,295,123,65,24,986
2001-10-15:616,595,1069,35,802,1413,747,872,958,1019,367,88,1041,256,990,968,1374,473,406
2001-10-16:944,213,607,1343,21,738,1302,1460,9,1046,1084,929,1256,1051,281,840,909,464,574,925,1340,320,634
2001-10-17:144,956,1333,671,851,725,470
2001-10-18:16,762,832,1022,1384
2001-10-19:1094,236,1233,524,625,1279,917,657,589
2001-10-20:1202,1345,1486,313,501,141,475,521
2001-10-21:232,1043,940,988,574,36,719,698,70,430
2001-10-22:286,880,747,711,897,149,368,1098,1391,204,341,1237,565,784,1273,1304,777,428,56,542,1041
2001-10-23:257,601,914,1461,536,247,952,179,952,211,924,853
2001-10-24:1299,456,1330,548
2001-10-25:1076,1239,123,335,487,380,967,206,107,847,450
2001-10-26:11U,1008,500,478
2001-10-27:786,400,451,216,46,1338,434,1306,400,1328,609,641,1355,634,42,294
2001-10-28:1474,1239,841,1302,1410,1407,918
2001-10-29:470,201,430,940,1056,177,393,1266,350,1410,6,1048,229,753,232,276,1446,157,184,905,155
2001-10-30:1439,1460,264,837,1217,1201,28,285,762,1046,727
2001-10-31:891,942,1164,135,530,679,1219,55,459,14,1112,670
2001-11-01:159,162,^336,402,339,769,567
2001-11-02:94,724,436,667,657,532,376,571,695,79,242,326,11,689,549,745,595,579,489,287
2001-11-03:635,667,215,25,767,667,524,218,162,1,718,726,442
2001-11-04:735,259,720,468,131,271,545,172,134,66,133,225,172,649,569
2001-11-05:551,572,609,760,508,356,670,691,495,84,379,89,95
2001-11-06:229,405
2001-11-07:753,272,745,558,553,192,471,732,355,265,310,716,92
2001-11-08:251,660,734,107,744,558,281,582,410,47,558,20,187,335
2001-11-09:554,537,363,617,619,731,492,545,q578,27,224,148,526,746,317,481,357,729,500
2001-11-10:498,604,538,75,461,8,692,91,248,268,747,739,y59,480,408,620,701,543,412,212
2001-11-11:456,14,56,239,50,612,451,513,531
2001-11-12:581,509,325,338,7,203,419,-473,1,74
2001-11-13:604,152,456,424,116,61,479,490,499,710,461,687,673,364,628,254,329,561,33,188,349
2001-11-14:169,108
2001-11-15:105
2001-11-16:170,116,676,92,145,685,469
2001-11-17:4,479,283,283,753,404,204,500
2001-11-18:27,30,310,747,548,11,294,384,474,237,448,0,514,57,285,726,653,189
2001-11-19:371,510,88,335,67,463,197,650,2Y28,180,93,748,240,774,622
2001-11-20:577,203,298,546,25,404,611,275,635
2001-11-21:230
2001-11-22:618,517,575,488,519,734,738,725,652,336,255,480,16,434,588,304,748,374,97,33,319,454,579
2001-11-23:138,348,134,327,508,733,152,478,250,122,31,534,571,11,627,338,354,4i96,552,192,120,315,240,634
2001-11-24:466,252,290,269,625,567
2001-11-25:657,311,354,520,469,38,428,521,316,391,304,587,534,772,102,132,649,729,735,774,609,624,356,675
2001-11-26:367,96,653,33,233,265
2001-11-27:7,153,83,96,486,752,728,347,315,60,491,643,71,139,136,713,150,656
2001-11-28:664,347,539,166,479,79,355,24,59
2001-11-29:571,75,105,453,11,243,282,659,202,398,231,247,654,510,737,21
2001-11-30:596,725,479,381,153,60,622,334,428,394,132,218,231,393,16,419,479,758,363,542,670,753,7,368
2001-12-01:174,186,132,288,244,322,169,150,261,295,260,42,339,351,314,15,112
2001-12-02:262,203,320,357,225,309,400,310,312,169
2001-12-03:291,336,214
2001-12-04:195,165,93,321,289,-32,365,2495,265,213,213,26,77
2001-12-05:114,292,354,258,198
2001-12-06:254,196,60,289
2001-12-07:36,404,413,300,244v,362,366,236,360,41,172,408,14,141,304,233,308,79,88,101,266,9,80,103
2001-12-08:261,131,90,1272,87,197
2001-12-09:134,202,302,259,128,52,358,236,113,348,13,214,358,124,393,392,43,205,94,83
2001-12-10:354,251,32,94,342,351,263,0,18,208,333,401,50,146,265^,336,316,389,118,133
2001-12-11:372,213,2,409,79,47,220,2,175,306,303,396,85,118,279,345,400,32,22,179
2001-12-12:177?,357,35,383,243,108,59,244
2001-12-13:9,79,129,299,176,292,152,75,5,160,106,25,164,148,192,326,37,383,120
2001-12-14:313,136,328,283,412,144,17,330,322,109,377,302,9,>2f40,34,225,275,316,17,377,364,65,198,312
2001-12-15:91,252,37,200,219,139,232,22,366,114,61,223,233,80,285,303,314,76,357,293,196,283,258,163
2001-12-16:302,128,170,28,221,87,343,202,2987,290,368,214,339,q395,96,168,179,395,57,349
2001-12-17:161,227,174,2,392,120,296,106,399,1,247,321,142,77,100,375,381,304,163,15,52,23
2001-12-18:260,269,129,49,109,77
2001-12-19:21,378,281,219,393,136,74,272,208,137
2001-12-20:284,304,400,32,368,34,227,188
2001-12-21:66,283,308,304,275,309,106,17,250,240,220,6,91,90,331,225,130,303,52,328,186
2001-12-22:99,81,42,309,48,197,293,135,24,114,97,337,341,397,23,81
2001-12-23:207,127
2001-12-24:150,335,25,193,405,191,171,282,256,162,220
2001-12-25:109,2,112,127,29,231,106,165,260
2001-12-26:367,230,329,283,281,25,24,57,94,237,162,67,55,219,177,385,41,185,135,173,217
2001-12-27:370,3,138,107,145,386,147,108,406,60,228,112,258,369,55
2001-12-28:114,20,142,87,260,402
2001-12-29:26,161,24,322,363,413,123,352,136,7,24,384,186,80,310,307,325
2001-12-30:390,89,17,334,228,149,247,318,404,333,132,1`18,174,329,299,226,394,-23,193
2001-12-31:321,-193,269,273,382,254,407,15,127,11,179,239,144,95,302,111
2002-01-01:472,283,247,256,767,743,309,740,703,609,676,683,569,235,111
<end step data>
<begin <wL4[>
gL]mbJ{
<end <wL4[>
CtF BjHQSp[b;QmF2G
hMsb Fdw;p o1Cj
TF`vbD WIu 5
LkoDAIAU 9
<begin  t 0=N>
S4 MGh{<ZZZ^t6
<end  t 0=N>
;kbN L
dVC zc3o
zv1Qq
mLK^?ikfE
<begin  J^3>
WSyBG^Bs5y
<end  J^3>
WM{
6Al EDXrfz`A y W
]:{ZXUzP<g{L yqzxD]
Omppc
<begin NSjn>
6<=Hlj 
<end NSjn>
 LNU]aFv{jiuoFW
1Iq t  SD
 01
Wn6OGPn
<begin vVEM>
nQOS?YH``W7i{SpqXr
<end vVEM>
[s8;R;N2\n4Kit
r0S1LnrN
a{FX u
 JLVi:L@ZbeSujc
<begin V]ixKK>
 HP[B`]
<end V]ixKK>
t4Rh  4U3@E7j n[V>y
1H7=`M ?eGRRPTJ uU
A{aka
kP1`De;eea?=
<begin  Ut [>
rG5W^
<end  Ut [>
kpLR0V eZu2 R qCGcVc
s>ktRuDS0c
5Em@4
ZD@7_{DTe`;0v5yOU
<begin  HZf4;>
Cc BZ[Vr8eo
<end  HZf4;>
<WeZ ;j^ O
<PcCCKm;gX
< os
 :uU=U\mZlb
<begin  PJ]>
<omtp ]>{P U
<end  PJ]>
YHv8c\`vKW9
FH<
s=Y07Q H>9c  Od^L8s
{di0_eS<it`x
<begin 42 Nvh>
\R;=5  V`PpKdiQU:
<end 42 Nvh>
G0egN=SSE27c[3
6bBJ< xBq8mKq 
baaTas?x  BXqPP>E
LS]xEygB4A\{Wf_ <Gu
<begin L^?L;k>
Kz]ApU<{QGHqEjYIG
<end L^?L;k>
e3b> A;]?
kcbQzWUo p
:F44wus2EW[:r ;A
Sy2^
<begin  aGC>
;ld<l>mI8>H
<end  aGC>
0S=1 5@yRO^[CSp
<>`6tZVBw9
DkcTZrMT0
k7s;] xpE7FP 2
<begin <=a]5>
3V[yc XFg
<end <=a]5>
?CI
EPz\CmDY   `1@I[b
7 ^k[COMlet;WnawUNS
bM4g;1U
<begin llEG >
tbA3  6wDE njh
<end llEG >
c KhiMdYqH_s 7z24
